0, 6.0029, 6.00, 6.00, 0.28, 21171520
1, 0.0695, 0.07, 0.07, 0.00, 22228264
2, 0.0787, 0.08, 0.08, 0.00, 25164544
3, 0.0883, 0.09, 0.09, 0.00, 28262376
4, 0.0702, 0.07, 0.07, 0.00, 22466320
5, 0.0893, 0.09, 0.09, 0.00, 28590688
6, 0.0659, 0.07, 0.07, 0.00, 21077192
7, 0.0886, 0.09, 0.09, 0.00, 28334040
8, 0.0567, 0.06, 0.06, 0.00, 18167712
9, 0.0718, 0.07, 0.07, 0.00, 22965528
10, 0.0735, 0.07, 0.07, 0.00, 23501456
11, 0.0538, 0.05, 0.05, 0.00, 17225160
12, 0.0578, 0.06, 0.06, 0.00, 18502088
13, 0.0473, 0.05, 0.05, 0.00, 15140824
14, 0.0919, 0.09, 0.09, 0.00, 29402552
15, 0.0293, 0.03, 0.03, 0.00, 9361104
16, 0.0972, 0.10, 0.10, 0.00, 31127904
17, 0.0454, 0.05, 0.05, 0.00, 14543744
18, 0.0538, 0.05, 0.05, 0.00, 17202592
19, 0.0608, 0.06, 0.06, 0.00, 19463960
20, 0.0844, 0.08, 0.08, 0.00, 27001400
21, 0.0859, 0.09, 0.09, 0.00, 27492048
22, 0.0647, 0.06, 0.06, 0.00, 20693472
23, 0.0610, 0.06, 0.06, 0.00, 19519448
24, 0.0676, 0.07, 0.07, 0.00, 21633064
25, 0.0545, 0.05, 0.05, 0.00, 17426832
26, 0.0944, 0.09, 0.09, 0.00, 30214312
27, 0.0877, 0.09, 0.09, 0.00, 28065888
28, 0.0303, 0.03, 0.03, 0.00, 9704864
29, 0.0503, 0.05, 0.05, 0.00, 16097504
30, 0.0315, 0.03, 0.03, 0.00, 10091096
31, 0.0736, 0.07, 0.07, 0.00, 23556120
32, 0.0265, 0.03, 0.03, 0.00, 8485240
33, 0.0526, 0.05, 0.05, 0.00, 16837792
34, 0.0874, 0.09, 0.09, 0.00, 27982872
35, 0.0968, 0.10, 0.10, 0.00, 30971720
36, 0.0834, 0.08, 0.08, 0.00, 26675760
37, 0.0355, 0.04, 0.04, 0.00, 11368416
38, 0.0902, 0.09, 0.09, 0.00, 28880288
39, 0.0903, 0.09, 0.09, 0.00, 28882088
40, 0.0984, 0.10, 0.10, 0.00, 31486840
41, 0.0605, 0.06, 0.06, 0.00, 19366592
42, 0.0849, 0.08, 0.08, 0.00, 27179800
43, 0.0851, 0.09, 0.09, 0.00, 27221856
44, 0.0596, 0.06, 0.06, 0.00, 19075504
45, 0.0640, 0.06, 0.06, 0.00, 20491456
46, 0.0835, 0.08, 0.08, 0.00, 26732696
47, 0.0759, 0.08, 0.08, 0.00, 24293104
48, 0.0339, 0.03, 0.03, 0.00, 10838584
49, 0.0790, 0.08, 0.08, 0.00, 25295176
50, 0.0730, 0.07, 0.07, 0.00, 23358104
51, 0.0686, 0.07, 0.07, 0.00, 21968472
52, 0.0358, 0.04, 0.04, 0.00, 11440472
53, 0.0653, 0.07, 0.07, 0.00, 20896952
54, 0.0959, 0.10, 0.10, 0.00, 30672048
55, 0.0819, 0.08, 0.08, 0.00, 26206768
56, 0.0642, 0.06, 0.06, 0.00, 20524352
57, 0.0329, 0.03, 0.03, 0.00, 10541776
58, 0.0561, 0.06, 0.06, 0.00, 17951880
59, 0.0605, 0.06, 0.06, 0.00, 19366408
60, 0.0448, 0.04, 0.04, 0.00, 14349328
61, 0.0390, 0.04, 0.04, 0.00, 12471976
62, 0.0831, 0.08, 0.08, 0.00, 26581608
63, 0.0803, 0.08, 0.08, 0.00, 25686032
64, 0.0592, 0.06, 0.06, 0.00, 18947608
65, 0.0412, 0.04, 0.04, 0.00, 13197208
66, 0.0676, 0.07, 0.07, 0.00, 21642408
67, 0.0352, 0.04, 0.04, 0.00, 11245232
68, 0.0264, 0.03, 0.03, 0.00, 8450952
69, 0.0493, 0.05, 0.05, 0.00, 15779384
70, 0.0713, 0.07, 0.07, 0.00, 22823248
71, 0.0363, 0.04, 0.04, 0.00, 11592192
72, 0.0709, 0.07, 0.07, 0.00, 22690296
73, 0.0417, 0.04, 0.04, 0.00, 13335712
74, 0.0713, 0.07, 0.07, 0.00, 22806408
75, 0.0540, 0.05, 0.05, 0.00, 17275728
76, 0.0958, 0.10, 0.10, 0.00, 30649952
77, 0.0927, 0.09, 0.09, 0.00, 29662360
78, 0.0762, 0.08, 0.08, 0.00, 24363680
79, 0.0587, 0.06, 0.06, 0.00, 18798792
80, 0.0520, 0.05, 0.05, 0.00, 16628184
81, 0.0710, 0.07, 0.07, 0.00, 22713520
82, 0.0578, 0.06, 0.06, 0.00, 18488760
83, 0.0927, 0.09, 0.09, 0.00, 29656360
84, 0.0773, 0.08, 0.08, 0.00, 24743144
85, 0.0325, 0.03, 0.03, 0.00, 10382728
86, 0.0295, 0.03, 0.03, 0.00, 9445408
87, 0.0977, 0.10, 0.10, 0.00, 31275416
88, 0.0750, 0.08, 0.08, 0.00, 24002400
89, 0.0740, 0.07, 0.07, 0.00, 23675360
90, 0.0753, 0.08, 0.08, 0.00, 24095304
91, 0.0378, 0.04, 0.04, 0.00, 12101824
92, 0.0396, 0.04, 0.04, 0.00, 13049176
93, 0.0444, 0.04, 0.04, 0.00, 16595648
94, 0.0297, 0.03, 0.03, 0.00, 11094224
95, 0.0697, 0.07, 0.07, 0.00, 26016464
96, 0.0417, 0.04, 0.04, 0.00, 15570280
97, 0.0605, 0.06, 0.06, 0.00, 22587936
98, 0.0448, 0.04, 0.04, 0.00, 16729056
99, 0.0423, 0.04, 0.04, 0.00, 15801128
100, 0.0581, 0.06, 0.06, 0.00, 21684720
101, 0.0239, 0.02, 0.02, 0.00, 8922208
102, 0.0496, 0.05, 0.05, 0.00, 18526432
103, 0.0622, 0.06, 0.06, 0.00, 23222576
104, 0.0850, 0.08, 0.08, 0.00, 31720968
105, 0.0831, 0.08, 0.08, 0.00, 31014776
106, 0.0280, 0.03, 0.03, 0.00, 10449072
107, 0.0634, 0.06, 0.06, 0.00, 23666960
108, 0.0349, 0.03, 0.03, 0.00, 13013040
109, 0.0622, 0.06, 0.06, 0.00, 23241408
110, 0.0318, 0.03, 0.03, 0.00, 11871424
111, 0.0854, 0.09, 0.09, 0.00, 31887184
112, 0.0634, 0.06, 0.06, 0.00, 23674592
113, 0.0588, 0.06, 0.06, 0.00, 21964400
114, 0.0377, 0.04, 0.04, 0.00, 14078992
115, 0.0481, 0.05, 0.05, 0.00, 17944840
116, 0.0514, 0.05, 0.05, 0.00, 19191456
117, 0.0520, 0.05, 0.05, 0.00, 19392736
118, 0.0371, 0.04, 0.04, 0.00, 13866208
119, 0.0615, 0.06, 0.06, 0.00, 22964240
120, 0.0317, 0.03, 0.03, 0.00, 11815264
121, 0.0432, 0.04, 0.04, 0.00, 16112176
122, 0.0285, 0.03, 0.03, 0.00, 10649000
123, 0.0648, 0.06, 0.06, 0.00, 24194048
124, 0.0636, 0.06, 0.06, 0.00, 23751904
125, 0.0418, 0.04, 0.04, 0.00, 15612840
126, 0.0303, 0.03, 0.03, 0.00, 11316384
127, 0.0715, 0.07, 0.07, 0.00, 26680288
128, 0.0341, 0.03, 0.03, 0.00, 12717976
129, 0.0825, 0.08, 0.08, 0.00, 30789704
130, 0.0452, 0.05, 0.05, 0.00, 16849400
131, 0.0640, 0.06, 0.06, 0.00, 23900640
132, 0.0742, 0.07, 0.07, 0.00, 27703832
133, 0.0223, 0.02, 0.02, 0.00, 8325712
134, 0.0277, 0.03, 0.03, 0.00, 10330424
135, 0.0615, 0.06, 0.06, 0.00, 22948304
136, 0.0753, 0.08, 0.08, 0.00, 28110672
137, 0.0647, 0.06, 0.06, 0.00, 24167824
138, 0.0276, 0.03, 0.03, 0.00, 10306360
139, 0.0839, 0.08, 0.08, 0.00, 31326672
140, 0.0842, 0.08, 0.08, 0.00, 31435024
141, 0.0779, 0.08, 0.08, 0.00, 29076640
142, 0.0515, 0.05, 0.05, 0.00, 19247624
143, 0.0542, 0.05, 0.05, 0.00, 20230984
144, 0.0842, 0.08, 0.08, 0.00, 31442264
145, 0.0250, 0.03, 0.03, 0.00, 9337152
146, 0.0603, 0.06, 0.06, 0.00, 22516288
147, 0.0504, 0.05, 0.05, 0.00, 18827816
148, 0.0690, 0.07, 0.07, 0.00, 25742320
149, 0.0227, 0.02, 0.02, 0.00, 8479704
150, 0.0240, 0.02, 0.02, 0.00, 8940504
151, 0.0498, 0.05, 0.05, 0.00, 18601056
152, 0.0396, 0.04, 0.04, 0.00, 14787360
153, 0.0844, 0.08, 0.08, 0.00, 31510080
154, 0.0292, 0.03, 0.03, 0.00, 10884712
155, 0.0445, 0.04, 0.04, 0.00, 16626664
156, 0.0405, 0.04, 0.04, 0.00, 15107360
157, 0.0524, 0.05, 0.05, 0.00, 19541440
158, 0.0291, 0.03, 0.03, 0.00, 10849464
159, 0.0657, 0.07, 0.07, 0.00, 24527864
160, 0.0419, 0.04, 0.04, 0.00, 15631592
161, 0.0780, 0.08, 0.08, 0.00, 29131416
162, 0.0481, 0.05, 0.05, 0.00, 17942304
163, 0.0805, 0.08, 0.08, 0.00, 30037648
164, 0.0255, 0.03, 0.03, 0.00, 9539536
165, 0.0354, 0.04, 0.04, 0.00, 13203728
166, 0.0659, 0.07, 0.07, 0.00, 24619328
167, 0.0578, 0.06, 0.06, 0.00, 21564528
168, 0.0578, 0.06, 0.06, 0.00, 21598432
169, 0.0770, 0.08, 0.08, 0.00, 28762456
170, 0.0385, 0.04, 0.04, 0.00, 14369344
171, 0.0541, 0.05, 0.05, 0.00, 20215248
172, 0.0551, 0.06, 0.06, 0.00, 20557952
173, 0.0804, 0.08, 0.08, 0.00, 30001344
174, 0.0275, 0.03, 0.03, 0.00, 10254568
175, 0.0806, 0.08, 0.08, 0.00, 30107776
176, 0.0585, 0.06, 0.06, 0.00, 21822712
177, 0.0268, 0.03, 0.03, 0.00, 9994696
178, 0.0812, 0.08, 0.08, 0.00, 30303104
179, 0.0393, 0.04, 0.04, 0.00, 14665240
180, 0.0419, 0.04, 0.04, 0.00, 15645648
181, 0.0220, 0.02, 0.02, 0.00, 8224560
182, 0.0643, 0.06, 0.06, 0.00, 24017848
183, 0.0756, 0.08, 0.08, 0.00, 28216208
184, 0.0299, 0.03, 0.03, 0.00, 11163144
185, 0.0630, 0.06, 0.06, 0.00, 23532176
186, 0.0675, 0.07, 0.07, 0.00, 25191848
187, 0.0755, 0.08, 0.08, 0.00, 28193264
188, 0.0400, 0.04, 0.04, 0.00, 14945744
189, 0.0385, 0.04, 0.04, 0.00, 14353520
190, 0.0332, 0.03, 0.03, 0.00, 12396592
191, 0.0470, 0.05, 0.05, 0.00, 17547696
192, 0.0591, 0.06, 0.06, 0.00, 22076304
193, 0.0570, 0.06, 0.06, 0.00, 21267712
194, 0.0227, 0.02, 0.02, 0.00, 8482576
195, 0.0320, 0.03, 0.03, 0.00, 11958568
196, 0.0747, 0.07, 0.07, 0.00, 27894560
197, 0.0452, 0.05, 0.05, 0.00, 16875392
198, 0.0217, 0.02, 0.02, 0.00, 8112688
199, 0.0308, 0.03, 0.03, 0.00, 11514600
200, 0.0650, 0.07, 0.07, 0.00, 24267592
201, 0.0580, 0.06, 0.06, 0.00, 21670840
202, 0.0388, 0.04, 0.04, 0.00, 14480184
203, 0.0667, 0.07, 0.07, 0.00, 24889688
204, 0.0687, 0.07, 0.07, 0.00, 25644656
205, 0.0400, 0.04, 0.04, 0.00, 14923432
206, 0.0833, 0.08, 0.08, 0.00, 31092520
207, 0.0520, 0.05, 0.05, 0.00, 18398912
208, 0.0437, 0.04, 0.04, 0.00, 13970072
209, 0.0817, 0.08, 0.08, 0.00, 26146560
210, 0.0682, 0.07, 0.07, 0.00, 21827776
211, 0.0547, 0.05, 0.05, 0.00, 17506352
212, 0.0694, 0.07, 0.07, 0.00, 22209000
213, 0.0922, 0.09, 0.09, 0.00, 29504920
214, 0.0679, 0.07, 0.07, 0.00, 21734040
215, 0.0729, 0.07, 0.07, 0.00, 23334104
216, 0.0417, 0.04, 0.04, 0.00, 13353952
217, 0.0919, 0.09, 0.09, 0.00, 29397304
218, 0.0965, 0.10, 0.10, 0.00, 30865976
219, 0.0760, 0.08, 0.08, 0.00, 24321328
220, 0.0585, 0.06, 0.06, 0.00, 18731008
221, 0.0587, 0.06, 0.06, 0.00, 18780744
222, 0.0885, 0.09, 0.09, 0.00, 28313800
223, 0.0984, 0.10, 0.10, 0.00, 31485696
224, 0.0775, 0.08, 0.08, 0.00, 24787496
225, 0.0337, 0.03, 0.03, 0.00, 10788840
226, 0.0473, 0.05, 0.05, 0.00, 15138480
227, 0.0825, 0.08, 0.08, 0.00, 26408568
228, 0.0861, 0.09, 0.09, 0.00, 27531144
229, 0.0559, 0.06, 0.06, 0.00, 17883680
230, 0.0547, 0.05, 0.05, 0.00, 17516136
231, 0.0757, 0.08, 0.08, 0.00, 24210536
232, 0.0911, 0.09, 0.09, 0.00, 29146472
233, 0.0438, 0.04, 0.04, 0.00, 13995104
234, 0.0686, 0.07, 0.07, 0.00, 21950544
235, 0.0485, 0.05, 0.05, 0.00, 15517232
236, 0.0911, 0.09, 0.09, 0.00, 29161648
237, 0.0974, 0.10, 0.10, 0.00, 31169984
238, 0.0769, 0.08, 0.08, 0.00, 24620752
239, 0.0691, 0.07, 0.07, 0.00, 22123160
240, 0.0794, 0.08, 0.08, 0.00, 25406096
241, 0.0745, 0.07, 0.07, 0.00, 23832040
242, 0.0626, 0.06, 0.06, 0.00, 20031784
243, 0.0650, 0.06, 0.06, 0.00, 20796944
244, 0.0967, 0.10, 0.10, 0.00, 30946000
245, 0.0423, 0.04, 0.04, 0.00, 13532792
246, 0.0733, 0.07, 0.07, 0.00, 23455760
247, 0.0546, 0.05, 0.05, 0.00, 17476856
248, 0.0568, 0.06, 0.06, 0.00, 18172520
249, 0.0714, 0.07, 0.07, 0.00, 22851400
250, 0.0705, 0.07, 0.07, 0.00, 22553432
251, 0.0606, 0.06, 0.06, 0.00, 19396816
252, 0.0265, 0.03, 0.03, 0.00, 8460632
253, 0.0602, 0.06, 0.06, 0.00, 19283168
254, 0.0476, 0.05, 0.05, 0.00, 15237792
255, 0.0787, 0.08, 0.08, 0.00, 25185784
256, 0.0745, 0.07, 0.07, 0.00, 23844160
257, 0.0466, 0.05, 0.05, 0.00, 14911784
258, 0.0467, 0.05, 0.05, 0.00, 14961856
259, 0.0538, 0.05, 0.05, 0.00, 17203088
260, 0.0713, 0.07, 0.07, 0.00, 22832368
261, 0.0812, 0.08, 0.08, 0.00, 25980072
262, 0.0572, 0.06, 0.06, 0.00, 18290448
263, 0.0909, 0.09, 0.09, 0.00, 29082848
264, 0.0352, 0.04, 0.04, 0.00, 11251376
265, 0.0327, 0.03, 0.03, 0.00, 10468720
266, 0.0474, 0.05, 0.05, 0.00, 15158768
267, 0.0319, 0.03, 0.03, 0.00, 10216968
268, 0.0677, 0.07, 0.07, 0.00, 21679152
269, 0.0515, 0.05, 0.05, 0.00, 16497112
270, 0.0693, 0.07, 0.07, 0.00, 22180944
271, 0.0664, 0.07, 0.07, 0.00, 21243584
272, 0.0681, 0.07, 0.07, 0.00, 21783800
273, 0.0275, 0.03, 0.03, 0.00, 8807000
274, 0.0740, 0.07, 0.07, 0.00, 23676816
275, 0.0977, 0.10, 0.10, 0.00, 31255080
276, 0.0739, 0.07, 0.07, 0.00, 23650472
277, 0.0491, 0.05, 0.05, 0.00, 15703928
278, 0.0574, 0.06, 0.06, 0.00, 18354040
279, 0.0416, 0.04, 0.04, 0.00, 13310304
280, 0.0922, 0.09, 0.09, 0.00, 29517112
281, 0.0356, 0.04, 0.04, 0.00, 11390328
282, 0.0525, 0.05, 0.05, 0.00, 16821480
283, 0.0323, 0.03, 0.03, 0.00, 10334232
284, 0.0577, 0.06, 0.06, 0.00, 18460752
285, 0.0988, 0.10, 0.10, 0.00, 31617008
286, 0.0919, 0.09, 0.09, 0.00, 29406160
287, 0.0445, 0.04, 0.04, 0.00, 14248176
288, 0.0855, 0.09, 0.09, 0.00, 27348648
289, 0.0653, 0.07, 0.07, 0.00, 20888536
290, 0.0778, 0.08, 0.08, 0.00, 24893320
291, 0.0586, 0.06, 0.06, 0.00, 18750224
292, 0.0325, 0.03, 0.03, 0.00, 10405440
293, 0.0324, 0.03, 0.03, 0.00, 10389656
294, 0.0940, 0.09, 0.09, 0.00, 30067576
295, 0.0514, 0.05, 0.05, 0.00, 16455472
296, 0.0786, 0.08, 0.08, 0.00, 25141784
297, 0.0602, 0.06, 0.06, 0.00, 19261976
298, 0.0999, 0.10, 0.10, 0.00, 31972328
299, 0.0881, 0.09, 0.09, 0.00, 28187360
300, 0.0362, 0.04, 0.04, 0.00, 11586752
301, 0.0928, 0.09, 0.09, 0.00, 29711544
302, 0.0901, 0.09, 0.09, 0.00, 28835024
303, 0.0278, 0.03, 0.03, 0.00, 8901424
304, 0.0372, 0.04, 0.04, 0.00, 11899824
305, 0.0631, 0.06, 0.06, 0.00, 20199568
306, 0.0711, 0.07, 0.07, 0.00, 22773424
307, 0.0375, 0.04, 0.04, 0.00, 12004336
308, 0.0343, 0.03, 0.03, 0.00, 10971672
309, 0.0834, 0.08, 0.08, 0.00, 26697224
310, 0.0886, 0.09, 0.09, 0.00, 28352192
311, 0.0899, 0.09, 0.09, 0.00, 28758392
312, 0.0856, 0.09, 0.09, 0.00, 27375648
313, 0.0558, 0.06, 0.06, 0.00, 17873520
314, 0.0677, 0.07, 0.07, 0.00, 21658416
315, 0.0355, 0.04, 0.04, 0.00, 11359336
316, 0.0556, 0.06, 0.06, 0.00, 17772392
317, 0.0275, 0.03, 0.03, 0.00, 8797336
318, 0.0302, 0.03, 0.03, 0.00, 9660000
319, 0.0987, 0.10, 0.10, 0.00, 31581792
320, 0.0773, 0.08, 0.08, 0.00, 24738288
321, 0.0530, 0.05, 0.05, 0.00, 16958976
322, 0.0590, 0.06, 0.06, 0.00, 18885024
323, 0.0565, 0.06, 0.06, 0.00, 18081808
324, 0.0792, 0.08, 0.08, 0.00, 25329328
325, 0.0288, 0.03, 0.03, 0.00, 9214112
326, 0.0900, 0.09, 0.09, 0.00, 28793168
327, 0.0524, 0.05, 0.05, 0.00, 16771904
328, 0.0982, 0.10, 0.10, 0.00, 31412512
329, 0.0262, 0.03, 0.03, 0.00, 8399064
330, 0.0892, 0.09, 0.09, 0.00, 28539280
331, 0.0423, 0.04, 0.04, 0.00, 13537816
332, 0.0259, 0.03, 0.03, 0.00, 8281136
333, 0.0824, 0.08, 0.08, 0.00, 26357880
334, 0.0520, 0.05, 0.05, 0.00, 16639472
335, 0.0958, 0.10, 0.10, 0.00, 30658960
336, 0.0798, 0.08, 0.08, 0.00, 25519768
337, 0.0812, 0.08, 0.08, 0.00, 25999976
338, 0.0379, 0.04, 0.04, 0.00, 12119112
339, 0.0505, 0.05, 0.05, 0.00, 16145688
340, 0.0641, 0.06, 0.06, 0.00, 20504872
341, 0.0617, 0.06, 0.06, 0.00, 19749168
342, 0.0291, 0.03, 0.03, 0.00, 9304104
343, 0.0504, 0.05, 0.05, 0.00, 16135640
344, 0.0400, 0.04, 0.04, 0.00, 12799912
345, 0.0385, 0.04, 0.04, 0.00, 12307760
346, 0.0264, 0.03, 0.03, 0.00, 8444520
347, 0.0378, 0.04, 0.04, 0.00, 12103672
348, 0.0845, 0.08, 0.08, 0.00, 27048744
349, 0.0597, 0.06, 0.06, 0.00, 19122816
350, 0.0418, 0.04, 0.04, 0.00, 13374192
351, 0.0906, 0.09, 0.09, 0.00, 28989744
352, 0.0509, 0.05, 0.05, 0.00, 16288440
353, 0.0958, 0.10, 0.10, 0.00, 30658872
354, 0.0946, 0.09, 0.09, 0.00, 30273944
355, 0.0706, 0.07, 0.07, 0.00, 22598064
356, 0.0778, 0.08, 0.08, 0.00, 24905944
357, 0.0697, 0.07, 0.07, 0.00, 22319728
358, 0.0274, 0.03, 0.03, 0.00, 8764128
359, 0.0838, 0.08, 0.08, 0.00, 26807456
360, 0.0374, 0.04, 0.04, 0.00, 11952656
361, 0.0625, 0.06, 0.06, 0.00, 20000624
362, 0.0716, 0.07, 0.07, 0.00, 22915480
363, 0.0288, 0.03, 0.03, 0.00, 9208880
364, 0.0683, 0.07, 0.07, 0.00, 21853480
365, 0.0774, 0.08, 0.08, 0.00, 24778352
366, 0.0429, 0.04, 0.04, 0.00, 13709424
367, 0.0994, 0.10, 0.10, 0.00, 31817512
368, 0.0951, 0.10, 0.10, 0.00, 30421136
369, 0.0450, 0.05, 0.05, 0.00, 14414296
370, 0.0710, 0.07, 0.07, 0.00, 22735176
371, 0.0759, 0.08, 0.08, 0.00, 24298168
372, 0.0652, 0.07, 0.07, 0.00, 20855184
373, 0.0898, 0.09, 0.09, 0.00, 28742752
374, 0.0692, 0.07, 0.07, 0.00, 22157832
375, 0.0813, 0.08, 0.08, 0.00, 26020256
376, 0.0797, 0.08, 0.08, 0.00, 25522928
377, 0.0973, 0.10, 0.10, 0.00, 31147752
378, 0.0484, 0.05, 0.05, 0.00, 15486672
379, 0.0666, 0.07, 0.07, 0.00, 21301816
380, 0.0549, 0.05, 0.05, 0.00, 17557304
381, 0.0409, 0.04, 0.04, 0.00, 13097368
382, 0.0407, 0.04, 0.04, 0.00, 13036248
383, 0.0417, 0.04, 0.04, 0.00, 13338632
384, 0.0390, 0.04, 0.04, 0.00, 12468632
385, 0.0414, 0.04, 0.04, 0.00, 13249984
386, 0.0958, 0.10, 0.10, 0.00, 30664936
387, 0.0677, 0.07, 0.07, 0.00, 21669760
388, 0.0805, 0.08, 0.08, 0.00, 25749216
389, 0.0589, 0.06, 0.06, 0.00, 18850616
390, 0.0618, 0.06, 0.06, 0.00, 19771008
391, 0.0978, 0.10, 0.10, 0.00, 31285680
392, 0.0420, 0.04, 0.04, 0.00, 13457944
393, 0.0760, 0.08, 0.08, 0.00, 24333072
394, 0.0441, 0.04, 0.04, 0.00, 14104552
395, 0.0314, 0.03, 0.03, 0.00, 10047088
396, 0.0293, 0.03, 0.03, 0.00, 9392696
397, 0.0292, 0.03, 0.03, 0.00, 9354040
398, 0.0576, 0.06, 0.06, 0.00, 18425992
399, 0.0616, 0.06, 0.06, 0.00, 19708104
400, 0.0484, 0.05, 0.05, 0.00, 15483096
401, 0.0911, 0.09, 0.09, 0.00, 29144104
402, 0.0772, 0.08, 0.08, 0.00, 24712240
403, 0.0982, 0.10, 0.10, 0.00, 31433704
404, 0.0533, 0.05, 0.05, 0.00, 17066040
405, 0.0713, 0.07, 0.07, 0.00, 22823784
406, 0.0385, 0.04, 0.04, 0.00, 12310488
407, 0.0657, 0.07, 0.07, 0.00, 21019968
408, 0.0269, 0.03, 0.03, 0.00, 8592288
409, 0.0891, 0.09, 0.09, 0.00, 28510720
410, 0.0301, 0.03, 0.03, 0.00, 9613984
411, 0.0808, 0.08, 0.08, 0.00, 25852024
412, 0.0760, 0.08, 0.08, 0.00, 24305424
413, 0.0609, 0.06, 0.06, 0.00, 19486304
414, 0.0591, 0.06, 0.06, 0.00, 18888720
415, 0.0758, 0.08, 0.08, 0.00, 24249952
416, 0.0652, 0.07, 0.07, 0.00, 20877896
417, 0.0705, 0.07, 0.07, 0.00, 22569080
418, 0.0923, 0.09, 0.09, 0.00, 29520104
419, 0.0786, 0.08, 0.08, 0.00, 25152720
420, 0.0993, 0.10, 0.10, 0.00, 31768128
421, 0.0602, 0.06, 0.06, 0.00, 19267928
422, 0.0413, 0.04, 0.04, 0.00, 13205520
423, 0.0592, 0.06, 0.06, 0.00, 18944344
424, 0.0747, 0.07, 0.07, 0.00, 23913872
425, 0.0930, 0.09, 0.09, 0.00, 29754032
426, 0.0448, 0.04, 0.04, 0.00, 14319736
427, 0.0353, 0.04, 0.04, 0.00, 11293288
428, 0.0265, 0.03, 0.03, 0.00, 8495624
429, 0.0422, 0.04, 0.04, 0.00, 13501256
430, 0.0819, 0.08, 0.08, 0.00, 26201080
431, 0.0911, 0.09, 0.09, 0.00, 29158048
432, 0.0490, 0.05, 0.05, 0.00, 15680408
433, 0.0928, 0.09, 0.09, 0.00, 29706192
434, 0.0538, 0.05, 0.05, 0.00, 17203128
435, 0.0734, 0.07, 0.07, 0.00, 23498824
436, 0.0691, 0.07, 0.07, 0.00, 22119608
437, 0.0494, 0.05, 0.05, 0.00, 15792384
438, 0.0873, 0.09, 0.09, 0.00, 27945160
439, 0.0640, 0.06, 0.06, 0.00, 20473064
440, 0.0722, 0.07, 0.07, 0.00, 23095560
441, 0.0250, 0.02, 0.02, 0.00, 8001328
442, 0.0904, 0.09, 0.09, 0.00, 28943608
443, 0.0484, 0.05, 0.05, 0.00, 15484640
444, 0.0455, 0.05, 0.05, 0.00, 14565008
445, 0.0569, 0.06, 0.06, 0.00, 18210832
446, 0.0848, 0.08, 0.08, 0.00, 27153120
447, 0.0914, 0.09, 0.09, 0.00, 29248096
448, 0.0389, 0.04, 0.04, 0.00, 12455256
449, 0.0760, 0.08, 0.08, 0.00, 24317104
450, 0.0965, 0.10, 0.10, 0.00, 30866992
451, 0.0592, 0.06, 0.06, 0.00, 18947112
452, 0.0766, 0.08, 0.08, 0.00, 24499712
453, 0.0613, 0.06, 0.06, 0.00, 19601800
454, 0.0412, 0.04, 0.04, 0.00, 13172184
455, 0.0842, 0.08, 0.08, 0.00, 26929744
456, 0.0960, 0.10, 0.10, 0.00, 30736888
457, 0.0422, 0.04, 0.04, 0.00, 13506600
458, 0.0798, 0.08, 0.08, 0.00, 25540536
459, 0.0910, 0.09, 0.09, 0.00, 29127136
460, 0.0440, 0.04, 0.04, 0.00, 14094592
461, 0.0485, 0.05, 0.05, 0.00, 15528616
462, 0.0410, 0.04, 0.04, 0.00, 13119480
463, 0.0968, 0.10, 0.10, 0.00, 30978816
464, 0.0639, 0.06, 0.06, 0.00, 20436816
465, 0.0604, 0.06, 0.06, 0.00, 19322032
466, 0.0269, 0.03, 0.03, 0.00, 8615904
467, 0.0784, 0.08, 0.08, 0.00, 25078008
468, 0.0406, 0.04, 0.04, 0.00, 12979280
469, 0.0365, 0.04, 0.04, 0.00, 11688656
470, 0.0569, 0.06, 0.06, 0.00, 18192448
471, 0.0798, 0.08, 0.08, 0.00, 25530608
472, 0.0531, 0.05, 0.05, 0.00, 16980072
473, 0.0735, 0.07, 0.07, 0.00, 23510344
474, 0.0597, 0.06, 0.06, 0.00, 19125808
475, 0.0411, 0.04, 0.04, 0.00, 13157136
476, 0.0458, 0.05, 0.05, 0.00, 14663088
477, 0.0390, 0.04, 0.04, 0.00, 12474992
478, 0.0690, 0.07, 0.07, 0.00, 22082824
479, 0.0855, 0.09, 0.09, 0.00, 27381920
480, 0.0898, 0.09, 0.09, 0.00, 28732528
481, 0.0810, 0.08, 0.08, 0.00, 25929904
482, 0.0338, 0.03, 0.03, 0.00, 10820760
483, 0.0756, 0.08, 0.08, 0.00, 24196336
484, 0.0638, 0.06, 0.06, 0.00, 20417096
485, 0.0458, 0.05, 0.05, 0.00, 14645448
486, 0.0349, 0.03, 0.03, 0.00, 11169632
487, 0.0381, 0.04, 0.04, 0.00, 12197808
488, 0.0788, 0.08, 0.08, 0.00, 25204632
489, 0.0778, 0.08, 0.08, 0.00, 24907376
490, 0.0547, 0.05, 0.05, 0.00, 17505432
491, 0.0597, 0.06, 0.06, 0.00, 19115600
492, 0.0674, 0.07, 0.07, 0.00, 21570104
493, 0.0880, 0.09, 0.09, 0.00, 28170280
494, 0.0388, 0.04, 0.04, 0.00, 12398712
495, 0.0404, 0.04, 0.04, 0.00, 12916776
496, 0.0359, 0.04, 0.04, 0.00, 11476344
497, 0.0374, 0.04, 0.04, 0.00, 11959008
498, 0.0616, 0.06, 0.06, 0.00, 19713344
499, 0.0344, 0.03, 0.03, 0.00, 10995992
500, 0.0516, 0.05, 0.05, 0.00, 16534704
501, 0.0792, 0.08, 0.08, 0.00, 25329928
502, 0.0955, 0.10, 0.10, 0.00, 30570360
503, 0.0273, 0.03, 0.03, 0.00, 8730864
504, 0.0824, 0.08, 0.08, 0.00, 26367800
505, 0.0810, 0.08, 0.08, 0.00, 25927856
506, 0.0811, 0.08, 0.08, 0.00, 25967920
507, 0.0319, 0.03, 0.03, 0.00, 10222304
508, 0.0928, 0.09, 0.09, 0.00, 29689272
509, 0.0413, 0.04, 0.04, 0.00, 13218808
510, 0.0313, 0.03, 0.03, 0.00, 10002136
511, 0.0812, 0.08, 0.08, 0.00, 25982104
512, 0.0664, 0.07, 0.07, 0.00, 21252616
513, 0.0799, 0.08, 0.08, 0.00, 25560648
514, 0.0688, 0.07, 0.07, 0.00, 22027424
515, 0.0284, 0.03, 0.03, 0.00, 9094744
516, 0.0972, 0.10, 0.10, 0.00, 31086472
517, 0.0407, 0.04, 0.04, 0.00, 13019768
518, 0.0469, 0.05, 0.05, 0.00, 15011536
519, 0.0465, 0.05, 0.05, 0.00, 14885960
520, 0.0431, 0.04, 0.04, 0.00, 13779888
521, 0.0758, 0.08, 0.08, 0.00, 24254312
522, 0.0325, 0.03, 0.03, 0.00, 10407048
523, 0.0297, 0.03, 0.03, 0.00, 9512912
524, 0.0262, 0.03, 0.03, 0.00, 8394304
525, 0.0667, 0.07, 0.07, 0.00, 21335576
526, 0.0947, 0.09, 0.09, 0.00, 30308696
527, 0.0257, 0.03, 0.03, 0.00, 8221760
528, 0.0752, 0.08, 0.08, 0.00, 24077992
529, 0.0875, 0.09, 0.09, 0.00, 27992912
530, 0.0839, 0.08, 0.08, 0.00, 26843664
531, 0.0988, 0.10, 0.10, 0.00, 31623904
532, 0.0461, 0.05, 0.05, 0.00, 14761520
533, 0.0777, 0.08, 0.08, 0.00, 24883872
534, 0.0690, 0.07, 0.07, 0.00, 22073840
535, 0.0386, 0.04, 0.04, 0.00, 12359144
536, 0.0298, 0.03, 0.03, 0.00, 9534920
537, 0.0634, 0.06, 0.06, 0.00, 20297440
538, 0.0614, 0.06, 0.06, 0.00, 19655056
539, 0.0685, 0.07, 0.07, 0.00, 21930728
540, 0.0983, 0.10, 0.10, 0.00, 31459880
541, 0.0841, 0.08, 0.08, 0.00, 26901008
542, 0.0907, 0.09, 0.09, 0.00, 29036120
543, 0.0705, 0.07, 0.07, 0.00, 22555408
544, 0.0503, 0.05, 0.05, 0.00, 16115808
545, 0.0414, 0.04, 0.04, 0.00, 13241664
546, 0.0971, 0.10, 0.10, 0.00, 31077680
547, 0.0592, 0.06, 0.06, 0.00, 18924048
548, 0.0424, 0.04, 0.04, 0.00, 13560832
549, 0.0909, 0.09, 0.09, 0.00, 29092872
550, 0.0962, 0.10, 0.10, 0.00, 30783648
551, 0.0619, 0.06, 0.06, 0.00, 19814432
552, 0.0956, 0.10, 0.10, 0.00, 30593064
553, 0.0787, 0.08, 0.08, 0.00, 25173464
554, 0.0850, 0.08, 0.08, 0.00, 27180856
555, 0.0614, 0.06, 0.06, 0.00, 19667824
556, 0.0723, 0.07, 0.07, 0.00, 23130744
557, 0.0781, 0.08, 0.08, 0.00, 25005152
558, 0.0906, 0.09, 0.09, 0.00, 28982904
559, 0.0623, 0.06, 0.06, 0.00, 19955360
560, 0.0470, 0.05, 0.05, 0.00, 15032480
561, 0.0883, 0.09, 0.09, 0.00, 28269200
562, 0.0887, 0.09, 0.09, 0.00, 28374640
563, 0.0396, 0.04, 0.04, 0.00, 12664208
564, 0.0713, 0.07, 0.07, 0.00, 22829040
565, 0.0830, 0.08, 0.08, 0.00, 26559824
566, 0.0260, 0.03, 0.03, 0.00, 8317680
567, 0.0981, 0.10, 0.10, 0.00, 31382208
568, 0.0510, 0.05, 0.05, 0.00, 16333600
569, 0.0897, 0.09, 0.09, 0.00, 28695432
570, 0.0361, 0.04, 0.04, 0.00, 11555376
571, 0.0835, 0.08, 0.08, 0.00, 26730232
572, 0.0986, 0.10, 0.10, 0.00, 31563904
573, 0.0989, 0.10, 0.10, 0.00, 31640768
574, 0.0609, 0.06, 0.06, 0.00, 19480880
575, 0.0815, 0.08, 0.08, 0.00, 26085664
576, 0.0623, 0.06, 0.06, 0.00, 19937392
577, 0.0253, 0.03, 0.03, 0.00, 8097152
578, 0.0730, 0.07, 0.07, 0.00, 23347336
579, 0.0452, 0.05, 0.05, 0.00, 14467504
580, 0.0526, 0.05, 0.05, 0.00, 16846024
581, 0.0558, 0.06, 0.06, 0.00, 17851808
582, 0.0353, 0.04, 0.04, 0.00, 11285600
583, 0.0571, 0.06, 0.06, 0.00, 18277368
584, 0.0866, 0.09, 0.09, 0.00, 27730824
585, 0.0474, 0.05, 0.05, 0.00, 15148200
586, 0.0392, 0.04, 0.04, 0.00, 12556344
587, 0.0551, 0.06, 0.06, 0.00, 17627176
588, 0.0634, 0.06, 0.06, 0.00, 20271648
589, 0.0340, 0.03, 0.03, 0.00, 10895760
590, 0.0418, 0.04, 0.04, 0.00, 13383608
591, 0.0986, 0.10, 0.10, 0.00, 31536792
592, 0.0323, 0.03, 0.03, 0.00, 10348264
593, 0.0554, 0.06, 0.06, 0.00, 17746888
594, 0.0897, 0.09, 0.09, 0.00, 28692592
595, 0.0677, 0.07, 0.07, 0.00, 21661056
596, 0.0980, 0.10, 0.10, 0.00, 31350064
597, 0.0508, 0.05, 0.05, 0.00, 16246528
598, 0.0971, 0.10, 0.10, 0.00, 31060024
599, 0.0842, 0.08, 0.08, 0.00, 26932944
600, 0.0930, 0.09, 0.09, 0.00, 29757328
601, 0.0559, 0.06, 0.06, 0.00, 17872936
602, 0.0830, 0.08, 0.08, 0.00, 26577136
603, 0.0520, 0.05, 0.05, 0.00, 16622512
604, 0.0500, 0.05, 0.05, 0.00, 15995480
605, 0.0550, 0.05, 0.05, 0.00, 17587968
606, 0.0311, 0.03, 0.03, 0.00, 9946432
607, 0.0477, 0.05, 0.05, 0.00, 15243936
608, 0.0555, 0.06, 0.06, 0.00, 17773784
609, 0.0831, 0.08, 0.08, 0.00, 26605272
610, 0.0424, 0.04, 0.04, 0.00, 13573616
611, 0.0945, 0.09, 0.09, 0.00, 30229104
612, 0.0349, 0.03, 0.03, 0.00, 11179696
613, 0.0494, 0.05, 0.05, 0.00, 15807440
614, 0.0290, 0.03, 0.03, 0.00, 9282248
615, 0.0965, 0.10, 0.10, 0.00, 30868896
616, 0.0794, 0.08, 0.08, 0.00, 25414264
617, 0.0261, 0.03, 0.03, 0.00, 8334760
618, 0.0259, 0.03, 0.03, 0.00, 8274256
619, 0.0650, 0.07, 0.07, 0.00, 20803176
620, 0.0828, 0.08, 0.08, 0.00, 26493936
621, 0.0478, 0.05, 0.05, 0.00, 15309968
622, 0.0360, 0.04, 0.04, 0.00, 11526712
623, 0.0912, 0.09, 0.09, 0.00, 29188632
624, 0.0310, 0.03, 0.03, 0.00, 9908528
625, 0.0438, 0.04, 0.04, 0.00, 14014944
626, 0.0317, 0.03, 0.03, 0.00, 10150472
627, 0.0758, 0.08, 0.08, 0.00, 24257880
628, 0.0754, 0.08, 0.08, 0.00, 24129144
629, 0.0858, 0.09, 0.09, 0.00, 27450176
630, 0.0434, 0.04, 0.04, 0.00, 13888808
631, 0.0574, 0.06, 0.06, 0.00, 18371552
632, 0.0565, 0.06, 0.06, 0.00, 18092944
633, 0.0814, 0.08, 0.08, 0.00, 26051224
634, 0.0668, 0.07, 0.07, 0.00, 21376848
635, 0.0872, 0.09, 0.09, 0.00, 27910448
636, 0.0895, 0.09, 0.09, 0.00, 28653224
637, 0.0534, 0.05, 0.05, 0.00, 17096808
638, 0.0795, 0.08, 0.08, 0.00, 25449056
639, 0.0322, 0.03, 0.03, 0.00, 10317184
640, 0.0453, 0.05, 0.05, 0.00, 14487864
641, 0.0442, 0.04, 0.04, 0.00, 14147344
642, 0.0349, 0.03, 0.03, 0.00, 11155584
643, 0.0694, 0.07, 0.07, 0.00, 22206440
644, 0.0292, 0.03, 0.03, 0.00, 9328976
645, 0.0607, 0.06, 0.06, 0.00, 19435448
646, 0.0476, 0.05, 0.05, 0.00, 15238360
647, 0.0616, 0.06, 0.06, 0.00, 19710424
648, 0.0446, 0.04, 0.04, 0.00, 14290832
649, 0.0594, 0.06, 0.06, 0.00, 19004344
650, 0.0592, 0.06, 0.06, 0.00, 18947368
651, 0.0643, 0.06, 0.06, 0.00, 20590216
652, 0.0763, 0.08, 0.08, 0.00, 24398752
653, 0.0581, 0.06, 0.06, 0.00, 18608360
654, 0.0772, 0.08, 0.08, 0.00, 24695008
655, 0.0889, 0.09, 0.09, 0.00, 28463232
656, 0.0463, 0.05, 0.05, 0.00, 14804448
657, 0.0575, 0.06, 0.06, 0.00, 18402528
658, 0.0535, 0.05, 0.05, 0.00, 17118240
659, 0.0870, 0.09, 0.09, 0.00, 27844888
660, 0.0386, 0.04, 0.04, 0.00, 12347616
661, 0.0632, 0.06, 0.06, 0.00, 20224208
662, 0.0841, 0.08, 0.08, 0.00, 26925088
663, 0.0315, 0.03, 0.03, 0.00, 10073040
664, 0.0293, 0.03, 0.03, 0.00, 9364352
665, 0.0745, 0.07, 0.07, 0.00, 23840952
666, 0.0773, 0.08, 0.08, 0.00, 24727928
667, 0.0405, 0.04, 0.04, 0.00, 12958264
668, 0.0834, 0.08, 0.08, 0.00, 26688688
669, 0.0885, 0.09, 0.09, 0.00, 28334600
670, 0.0833, 0.08, 0.08, 0.00, 26657776
671, 0.0761, 0.08, 0.08, 0.00, 24352616
672, 0.0445, 0.04, 0.04, 0.00, 14226136
673, 0.0384, 0.04, 0.04, 0.00, 12280816
674, 0.0530, 0.05, 0.05, 0.00, 16971512
675, 0.0302, 0.03, 0.03, 0.00, 9676616
676, 0.0691, 0.07, 0.07, 0.00, 22102384
677, 0.0258, 0.03, 0.03, 0.00, 8232512
678, 0.0455, 0.05, 0.05, 0.00, 14547720
679, 0.0919, 0.09, 0.09, 0.00, 29409184
680, 0.0528, 0.05, 0.05, 0.00, 16900464
681, 0.0350, 0.04, 0.04, 0.00, 11203160
682, 0.0398, 0.04, 0.04, 0.00, 12729296
683, 0.0835, 0.08, 0.08, 0.00, 26700600
684, 0.0595, 0.06, 0.06, 0.00, 19036536
685, 0.0944, 0.09, 0.09, 0.00, 30203920
686, 0.0283, 0.03, 0.03, 0.00, 9070688
687, 0.0787, 0.08, 0.08, 0.00, 25164288
688, 0.0850, 0.08, 0.08, 0.00, 27195096
689, 0.0618, 0.06, 0.06, 0.00, 19779640
690, 0.0308, 0.03, 0.03, 0.00, 9846952
691, 0.0602, 0.06, 0.06, 0.00, 19267952
692, 0.0639, 0.06, 0.06, 0.00, 20452040
693, 0.0912, 0.09, 0.09, 0.00, 29185016
694, 0.0480, 0.05, 0.05, 0.00, 15363440
695, 0.0616, 0.06, 0.06, 0.00, 19721840
696, 0.0683, 0.07, 0.07, 0.00, 21861024
697, 0.0561, 0.06, 0.06, 0.00, 17949616
698, 0.0970, 0.10, 0.10, 0.00, 31026400
699, 0.0380, 0.04, 0.04, 0.00, 12178680
700, 0.0734, 0.07, 0.07, 0.00, 23493680
701, 0.0607, 0.06, 0.06, 0.00, 19406944
702, 0.0276, 0.03, 0.03, 0.00, 8848696
703, 0.0838, 0.08, 0.08, 0.00, 26807544
704, 0.0573, 0.06, 0.06, 0.00, 18329656
705, 0.0667, 0.07, 0.07, 0.00, 21354304
706, 0.0632, 0.06, 0.06, 0.00, 20240400
707, 0.0370, 0.04, 0.04, 0.00, 11836808
708, 0.0652, 0.07, 0.07, 0.00, 20868256
709, 0.0358, 0.04, 0.04, 0.00, 11451904
710, 0.0761, 0.08, 0.08, 0.00, 24353416
711, 0.0737, 0.07, 0.07, 0.00, 23587112
712, 0.0458, 0.05, 0.05, 0.00, 14662304
713, 0.0655, 0.07, 0.07, 0.00, 20941360
714, 0.0347, 0.03, 0.03, 0.00, 11092648
715, 0.0494, 0.05, 0.05, 0.00, 15816432
716, 0.0545, 0.05, 0.05, 0.00, 17424216
717, 0.0360, 0.04, 0.04, 0.00, 11528328
718, 0.0967, 0.10, 0.10, 0.00, 30953736
719, 0.0370, 0.04, 0.04, 0.00, 11836880
720, 0.0390, 0.04, 0.04, 0.00, 12491136
721, 0.0347, 0.03, 0.03, 0.00, 11105896
722, 0.0928, 0.09, 0.09, 0.00, 29695608
723, 0.0684, 0.07, 0.07, 0.00, 21894136
724, 0.0658, 0.07, 0.07, 0.00, 21051336
725, 0.0319, 0.03, 0.03, 0.00, 10214240
726, 0.0593, 0.06, 0.06, 0.00, 18965872
727, 0.0933, 0.09, 0.09, 0.00, 29853072
728, 0.0912, 0.09, 0.09, 0.00, 29168992
729, 0.0312, 0.03, 0.03, 0.00, 9991320
730, 0.0594, 0.06, 0.06, 0.00, 19006488
731, 0.0850, 0.09, 0.09, 0.00, 27209080
732, 0.0793, 0.08, 0.08, 0.00, 25380016
733, 0.0908, 0.09, 0.09, 0.00, 29051136
734, 0.0549, 0.05, 0.05, 0.00, 17576600
735, 0.0320, 0.03, 0.03, 0.00, 10243024
736, 0.0928, 0.09, 0.09, 0.00, 29697064
737, 0.0570, 0.06, 0.06, 0.00, 18231336
738, 0.0767, 0.08, 0.08, 0.00, 24560600
739, 0.0605, 0.06, 0.06, 0.00, 19357296
740, 0.0774, 0.08, 0.08, 0.00, 24790928
741, 0.0685, 0.07, 0.07, 0.00, 21924728
742, 0.0496, 0.05, 0.05, 0.00, 15865288
743, 0.0787, 0.08, 0.08, 0.00, 25189856
744, 0.0818, 0.08, 0.08, 0.00, 26162680
745, 0.0270, 0.03, 0.03, 0.00, 8649648
746, 0.0727, 0.07, 0.07, 0.00, 23265464
747, 0.0799, 0.08, 0.08, 0.00, 25553536
748, 0.0430, 0.04, 0.04, 0.00, 13760480
749, 0.0825, 0.08, 0.08, 0.00, 26407120
750, 0.0370, 0.04, 0.04, 0.00, 11852928
751, 0.0258, 0.03, 0.03, 0.00, 8234392
752, 0.0847, 0.08, 0.08, 0.00, 27113392
753, 0.0481, 0.05, 0.05, 0.00, 15398864
754, 0.0969, 0.10, 0.10, 0.00, 31019992
755, 0.0425, 0.04, 0.04, 0.00, 13588768
756, 0.0593, 0.06, 0.06, 0.00, 18995328
757, 0.0628, 0.06, 0.06, 0.00, 20082256
758, 0.0693, 0.07, 0.07, 0.00, 22183616
759, 0.0965, 0.10, 0.10, 0.00, 30889312
760, 0.0893, 0.09, 0.09, 0.00, 28585336
761, 0.0668, 0.07, 0.07, 0.00, 21387464
762, 0.0593, 0.06, 0.06, 0.00, 18973360
763, 0.0323, 0.03, 0.03, 0.00, 10339248
764, 0.0964, 0.10, 0.10, 0.00, 30844984
765, 0.0716, 0.07, 0.07, 0.00, 22920280
766, 0.0682, 0.07, 0.07, 0.00, 21818024
767, 0.0897, 0.09, 0.09, 0.00, 28712536
768, 0.0866, 0.09, 0.09, 0.00, 27698408
769, 0.0368, 0.04, 0.04, 0.00, 11783168
770, 0.0932, 0.09, 0.09, 0.00, 29812248
771, 0.0994, 0.10, 0.10, 0.00, 31818304
772, 0.0862, 0.09, 0.09, 0.00, 27572568
773, 0.0314, 0.03, 0.03, 0.00, 10040024
774, 0.0370, 0.04, 0.04, 0.00, 11825944
775, 0.0321, 0.03, 0.03, 0.00, 10266984
776, 0.0722, 0.07, 0.07, 0.00, 23093560
777, 0.0725, 0.07, 0.07, 0.00, 23206584
778, 0.0549, 0.05, 0.05, 0.00, 17562416
779, 0.0962, 0.10, 0.10, 0.00, 30783136
780, 0.0297, 0.03, 0.03, 0.00, 9505104
781, 0.0953, 0.10, 0.10, 0.00, 30481912
782, 0.0568, 0.06, 0.06, 0.00, 18176768
783, 0.0586, 0.06, 0.06, 0.00, 18737072
784, 0.0444, 0.04, 0.04, 0.00, 14208416
785, 0.0796, 0.08, 0.08, 0.00, 25464712
786, 0.0887, 0.09, 0.09, 0.00, 28376912
787, 0.0807, 0.08, 0.08, 0.00, 25813704
788, 0.0275, 0.03, 0.03, 0.00, 8799304
789, 0.0480, 0.05, 0.05, 0.00, 15367664
790, 0.0969, 0.10, 0.10, 0.00, 31015584
791, 0.0340, 0.03, 0.03, 0.00, 10874512
792, 0.0516, 0.05, 0.05, 0.00, 16528848
793, 0.0583, 0.06, 0.06, 0.00, 18653088
794, 0.0518, 0.05, 0.05, 0.00, 16560960
795, 0.0544, 0.05, 0.05, 0.00, 17402576
796, 0.0262, 0.03, 0.03, 0.00, 8391880
797, 0.0649, 0.06, 0.06, 0.00, 20764376
798, 0.0389, 0.04, 0.04, 0.00, 12445568
799, 0.0884, 0.09, 0.09, 0.00, 28288584
800, 0.0551, 0.06, 0.06, 0.00, 17630224
801, 0.0652, 0.07, 0.07, 0.00, 20870584
802, 0.0947, 0.09, 0.09, 0.00, 30302992
803, 0.0760, 0.08, 0.08, 0.00, 24326480
804, 0.0324, 0.03, 0.03, 0.00, 10390752
805, 0.0707, 0.07, 0.07, 0.00, 22620256
806, 0.0959, 0.10, 0.10, 0.00, 30687232
807, 0.0324, 0.03, 0.03, 0.00, 10363472
808, 0.0902, 0.09, 0.09, 0.00, 28867720
809, 0.0319, 0.03, 0.03, 0.00, 10208656
810, 0.0591, 0.06, 0.06, 0.00, 18899896
811, 0.0292, 0.03, 0.03, 0.00, 9343176
812, 0.0495, 0.05, 0.05, 0.00, 15840816
813, 0.0315, 0.03, 0.03, 0.00, 10076776
814, 0.0425, 0.04, 0.04, 0.00, 13585856
815, 0.0428, 0.04, 0.04, 0.00, 13692152
816, 0.0711, 0.07, 0.07, 0.00, 22747152
817, 0.0880, 0.09, 0.09, 0.00, 28148304
818, 0.0275, 0.03, 0.03, 0.00, 8793784
819, 0.0642, 0.06, 0.06, 0.00, 20536888
820, 0.0262, 0.03, 0.03, 0.00, 8374544
821, 0.0635, 0.06, 0.06, 0.00, 20313792
822, 0.0572, 0.06, 0.06, 0.00, 18291096
823, 0.0737, 0.07, 0.07, 0.00, 23595960
824, 0.0301, 0.03, 0.03, 0.00, 9633776
825, 0.0658, 0.07, 0.07, 0.00, 21070176
826, 0.0439, 0.04, 0.04, 0.00, 14046576
827, 0.0274, 0.03, 0.03, 0.00, 8779160
828, 0.0416, 0.04, 0.04, 0.00, 13307856
829, 0.0685, 0.07, 0.07, 0.00, 21923640
830, 0.0440, 0.04, 0.04, 0.00, 14076584
831, 0.0828, 0.08, 0.08, 0.00, 26506136
832, 0.0348, 0.03, 0.03, 0.00, 11145320
833, 0.0532, 0.05, 0.05, 0.00, 17029432
834, 0.0259, 0.03, 0.03, 0.00, 8288864
835, 0.0618, 0.06, 0.06, 0.00, 19784592
836, 0.0337, 0.03, 0.03, 0.00, 10771616
837, 0.0986, 0.10, 0.10, 0.00, 31559352
838, 0.0714, 0.07, 0.07, 0.00, 22843520
839, 0.0433, 0.04, 0.04, 0.00, 13871632
840, 0.0981, 0.10, 0.10, 0.00, 31382144
841, 0.0531, 0.05, 0.05, 0.00, 16983752
842, 0.0993, 0.10, 0.10, 0.00, 31768280
843, 0.0284, 0.03, 0.03, 0.00, 9095824
844, 0.0557, 0.06, 0.06, 0.00, 17817296
845, 0.0483, 0.05, 0.05, 0.00, 15441616
846, 0.0372, 0.04, 0.04, 0.00, 11910904
847, 0.0874, 0.09, 0.09, 0.00, 27956464
848, 0.0729, 0.07, 0.07, 0.00, 23330280
849, 0.0855, 0.09, 0.09, 0.00, 27368544
850, 0.0618, 0.06, 0.06, 0.00, 19767328
851, 0.0730, 0.07, 0.07, 0.00, 23360576
852, 0.0992, 0.10, 0.10, 0.00, 31745832
853, 0.0526, 0.05, 0.05, 0.00, 16834456
854, 0.0299, 0.03, 0.03, 0.00, 9567296
855, 0.0485, 0.05, 0.05, 0.00, 15506072
856, 0.0837, 0.08, 0.08, 0.00, 26797624
857, 0.0851, 0.09, 0.09, 0.00, 27244064
858, 0.0466, 0.05, 0.05, 0.00, 14921560
859, 0.0303, 0.03, 0.03, 0.00, 9690728
860, 0.0431, 0.04, 0.04, 0.00, 13794040
861, 0.0763, 0.08, 0.08, 0.00, 24405744
862, 0.0747, 0.07, 0.07, 0.00, 23900104
863, 0.0536, 0.05, 0.05, 0.00, 17137496
864, 0.0434, 0.04, 0.04, 0.00, 13905512
865, 0.0726, 0.07, 0.07, 0.00, 23214336
866, 0.0749, 0.07, 0.07, 0.00, 23980616
867, 0.0945, 0.09, 0.09, 0.00, 30245096
868, 0.0638, 0.06, 0.06, 0.00, 20415400
869, 0.0890, 0.09, 0.09, 0.00, 28494560
870, 0.0568, 0.06, 0.06, 0.00, 18178128
871, 0.0624, 0.06, 0.06, 0.00, 19944264
872, 0.0666, 0.07, 0.07, 0.00, 21312504
873, 0.0571, 0.06, 0.06, 0.00, 18268024
874, 0.0465, 0.05, 0.05, 0.00, 14889232
875, 0.0867, 0.09, 0.09, 0.00, 27741424
876, 0.0780, 0.08, 0.08, 0.00, 24957792
877, 0.0804, 0.08, 0.08, 0.00, 25717432
878, 0.0561, 0.06, 0.06, 0.00, 17956560
879, 0.0585, 0.06, 0.06, 0.00, 18731448
880, 0.0520, 0.05, 0.05, 0.00, 16653088
881, 0.0977, 0.10, 0.10, 0.00, 31253672
882, 0.0871, 0.09, 0.09, 0.00, 27887760
883, 0.0522, 0.05, 0.05, 0.00, 16715864
884, 0.0944, 0.09, 0.09, 0.00, 30199200
885, 0.0548, 0.05, 0.05, 0.00, 17540800
886, 0.0285, 0.03, 0.03, 0.00, 9104168
887, 0.0804, 0.08, 0.08, 0.00, 25728376
888, 0.0424, 0.04, 0.04, 0.00, 13583040
889, 0.0587, 0.06, 0.06, 0.00, 18778000
890, 0.0511, 0.05, 0.05, 0.00, 16364464
891, 0.0953, 0.10, 0.10, 0.00, 30494824
892, 0.0861, 0.09, 0.09, 0.00, 27559192
893, 0.0443, 0.04, 0.04, 0.00, 14173600
894, 0.0989, 0.10, 0.10, 0.00, 31651792
895, 0.0536, 0.05, 0.05, 0.00, 17162232
896, 0.0977, 0.10, 0.10, 0.00, 31255320
897, 0.0773, 0.08, 0.08, 0.00, 24731392
898, 0.0929, 0.09, 0.09, 0.00, 29718760
899, 0.0923, 0.09, 0.09, 0.00, 29529680
900, 0.0472, 0.05, 0.05, 0.00, 15117344
901, 0.0341, 0.03, 0.03, 0.00, 10905432
902, 0.0994, 0.10, 0.10, 0.00, 31808264
903, 0.0431, 0.04, 0.04, 0.00, 13797096
904, 0.0437, 0.04, 0.04, 0.00, 13986080
905, 0.0421, 0.04, 0.04, 0.00, 13478320
906, 0.0329, 0.03, 0.03, 0.00, 10541744
907, 0.0617, 0.06, 0.06, 0.00, 19748216
908, 0.0963, 0.10, 0.10, 0.00, 30822856
909, 0.0919, 0.09, 0.09, 0.00, 29396544
910, 0.0425, 0.04, 0.04, 0.00, 13602080
911, 0.0518, 0.05, 0.05, 0.00, 16594576
912, 0.0768, 0.08, 0.08, 0.00, 24554432
913, 0.0539, 0.05, 0.05, 0.00, 17245696
914, 0.0294, 0.03, 0.03, 0.00, 9400552
915, 0.0938, 0.09, 0.09, 0.00, 30001448
916, 0.0798, 0.08, 0.08, 0.00, 25537016
917, 0.0335, 0.03, 0.03, 0.00, 10731592
918, 0.0911, 0.09, 0.09, 0.00, 29161280
919, 0.0723, 0.07, 0.07, 0.00, 23147008
920, 0.0454, 0.05, 0.05, 0.00, 14538480
921, 0.0350, 0.03, 0.03, 0.00, 11187560
922, 0.0534, 0.05, 0.05, 0.00, 17097360
923, 0.0531, 0.05, 0.05, 0.00, 16981864
924, 0.0531, 0.05, 0.05, 0.00, 16983104
925, 0.0493, 0.05, 0.05, 0.00, 15785712
926, 0.0812, 0.08, 0.08, 0.00, 25970912
927, 0.0760, 0.08, 0.08, 0.00, 24322768
928, 0.0429, 0.04, 0.04, 0.00, 13707368
929, 0.0846, 0.08, 0.08, 0.00, 27092832
930, 0.0379, 0.04, 0.04, 0.00, 12124472
931, 0.0628, 0.06, 0.06, 0.00, 20094400
932, 0.0587, 0.06, 0.06, 0.00, 18782992
933, 0.0472, 0.05, 0.05, 0.00, 15109816
934, 0.0478, 0.05, 0.05, 0.00, 15307240
935, 0.0914, 0.09, 0.09, 0.00, 29263088
936, 0.0880, 0.09, 0.09, 0.00, 28140536
937, 0.0514, 0.05, 0.05, 0.00, 16444888
938, 0.0428, 0.04, 0.04, 0.00, 13705800
939, 0.0804, 0.08, 0.08, 0.00, 25721368
940, 0.0627, 0.06, 0.06, 0.00, 20057344
941, 0.0667, 0.07, 0.07, 0.00, 21328664
942, 0.0957, 0.10, 0.10, 0.00, 30622000
943, 0.0401, 0.04, 0.04, 0.00, 12836424
944, 0.0726, 0.07, 0.07, 0.00, 23215944
945, 0.0661, 0.07, 0.07, 0.00, 21164456
946, 0.0901, 0.09, 0.09, 0.00, 28814944
947, 0.0639, 0.06, 0.06, 0.00, 20471424
948, 0.0955, 0.10, 0.10, 0.00, 30565032
949, 0.0512, 0.05, 0.05, 0.00, 16370776
950, 0.0813, 0.08, 0.08, 0.00, 26018352
951, 0.0268, 0.03, 0.03, 0.00, 8590872
952, 0.0775, 0.08, 0.08, 0.00, 24789800
953, 0.0362, 0.04, 0.04, 0.00, 11571896
954, 0.0976, 0.10, 0.10, 0.00, 31231168
955, 0.0349, 0.03, 0.03, 0.00, 11164448
956, 0.0996, 0.10, 0.10, 0.00, 31865616
957, 0.0781, 0.08, 0.08, 0.00, 24990016
958, 0.0589, 0.06, 0.06, 0.00, 18843720
959, 0.0782, 0.08, 0.08, 0.00, 25017728
960, 0.0303, 0.03, 0.03, 0.00, 9700872
961, 0.0709, 0.07, 0.07, 0.00, 22681960
962, 0.0470, 0.05, 0.05, 0.00, 15027056
963, 0.0754, 0.08, 0.08, 0.00, 24125768
964, 0.0364, 0.04, 0.04, 0.00, 11656512
965, 0.0586, 0.06, 0.06, 0.00, 18740376
966, 0.0563, 0.06, 0.06, 0.00, 18019672
967, 0.0772, 0.08, 0.08, 0.00, 24705848
968, 0.0349, 0.03, 0.03, 0.00, 11150936
969, 0.0534, 0.05, 0.05, 0.00, 17079824
970, 0.0703, 0.07, 0.07, 0.00, 22498824
971, 0.0325, 0.03, 0.03, 0.00, 10400768
972, 0.0537, 0.05, 0.05, 0.00, 17187392
973, 0.0970, 0.10, 0.10, 0.00, 31046160
974, 0.0921, 0.09, 0.09, 0.00, 29489256
975, 0.0304, 0.03, 0.03, 0.00, 9738424
976, 0.0976, 0.10, 0.10, 0.00, 31227072
977, 0.0264, 0.03, 0.03, 0.00, 8463208
978, 0.0660, 0.07, 0.07, 0.00, 21125232
979, 0.0985, 0.10, 0.10, 0.00, 31509752
980, 0.0456, 0.05, 0.05, 0.00, 14595760
981, 0.0361, 0.04, 0.04, 0.00, 11563472
982, 0.0694, 0.07, 0.07, 0.00, 22213528
983, 0.0444, 0.04, 0.04, 0.00, 14208848
984, 0.0923, 0.09, 0.09, 0.00, 29522264
985, 0.0411, 0.04, 0.04, 0.00, 13172688
986, 0.0555, 0.06, 0.06, 0.00, 17761600
987, 0.0685, 0.07, 0.07, 0.00, 21917896
988, 0.0664, 0.07, 0.07, 0.00, 21249872
989, 0.0982, 0.10, 0.10, 0.00, 31418040
990, 0.0453, 0.05, 0.05, 0.00, 14519664
991, 0.0455, 0.05, 0.05, 0.00, 14552208
992, 0.0592, 0.06, 0.06, 0.00, 18930656
993, 0.0977, 0.10, 0.10, 0.00, 31281800
994, 0.0552, 0.06, 0.06, 0.00, 17641120
995, 0.0269, 0.03, 0.03, 0.00, 8611936
996, 0.0436, 0.04, 0.04, 0.00, 13961920
997, 0.0916, 0.09, 0.09, 0.00, 29313048
998, 0.0630, 0.06, 0.06, 0.00, 20140792
999, 0.0781, 0.08, 0.08, 0.00, 25006608
1000, 0.0483, 0.05, 0.05, 0.00, 15449136
1001, 0.0458, 0.05, 0.05, 0.00, 14666568
1002, 0.0530, 0.05, 0.05, 0.00, 16952832
1003, 0.0921, 0.09, 0.09, 0.00, 29476712
1004, 0.0644, 0.06, 0.06, 0.00, 20599288
1005, 0.0270, 0.03, 0.03, 0.00, 8636536
1006, 0.0813, 0.08, 0.08, 0.00, 26014280
1007, 0.0719, 0.07, 0.07, 0.00, 23015272
1008, 0.0500, 0.05, 0.05, 0.00, 16004176
1009, 0.0497, 0.05, 0.05, 0.00, 15909024
1010, 0.0943, 0.09, 0.09, 0.00, 30179808
1011, 0.0975, 0.10, 0.10, 0.00, 31210904
1012, 0.0897, 0.09, 0.09, 0.00, 28695640
1013, 0.0376, 0.04, 0.04, 0.00, 12045832
1014, 0.0287, 0.03, 0.03, 0.00, 9168560
1015, 0.0926, 0.09, 0.09, 0.00, 29635584
1016, 0.0440, 0.04, 0.04, 0.00, 14087416
1017, 0.0498, 0.05, 0.05, 0.00, 15918448
1018, 0.0584, 0.06, 0.06, 0.00, 18707248
1019, 0.0917, 0.09, 0.09, 0.00, 29341592
1020, 0.0328, 0.03, 0.03, 0.00, 10511064
1021, 0.0634, 0.06, 0.06, 0.00, 20298832
1022, 0.0511, 0.05, 0.05, 0.00, 16363416
1023, 0.0633, 0.06, 0.06, 0.00, 20255088
1024, 0.0805, 0.08, 0.08, 0.00, 25762336
1025, 0.0540, 0.05, 0.05, 0.00, 17283848
1026, 0.0760, 0.08, 0.08, 0.00, 24332344
1027, 0.0648, 0.06, 0.06, 0.00, 20722128
1028, 0.0717, 0.07, 0.07, 0.00, 22937224
1029, 0.0959, 0.10, 0.10, 0.00, 30672976
1030, 0.0783, 0.08, 0.08, 0.00, 25052680
1031, 0.0920, 0.09, 0.09, 0.00, 29428688
1032, 0.0404, 0.04, 0.04, 0.00, 12918168
1033, 0.0758, 0.08, 0.08, 0.00, 24250744
1034, 0.0507, 0.05, 0.05, 0.00, 16200752
1035, 0.0729, 0.07, 0.07, 0.00, 23336656
1036, 0.0757, 0.08, 0.08, 0.00, 24229816
1037, 0.0661, 0.07, 0.07, 0.00, 21160672
1038, 0.0910, 0.09, 0.09, 0.00, 29101632
1039, 0.0455, 0.05, 0.05, 0.00, 14544392
1040, 0.0658, 0.07, 0.07, 0.00, 21048272
1041, 0.0361, 0.04, 0.04, 0.00, 11558440
1042, 0.0462, 0.05, 0.05, 0.00, 14784784
1043, 0.0892, 0.09, 0.09, 0.00, 28551264
1044, 0.0273, 0.03, 0.03, 0.00, 8725640
1045, 0.0726, 0.07, 0.07, 0.00, 23241360
1046, 0.0783, 0.08, 0.08, 0.00, 25048080
1047, 0.0475, 0.05, 0.05, 0.00, 15191440
1048, 0.0256, 0.03, 0.03, 0.00, 8189216
1049, 0.0595, 0.06, 0.06, 0.00, 19045272
1050, 0.0530, 0.05, 0.05, 0.00, 16944296
1051, 0.0268, 0.03, 0.03, 0.00, 8588656
1052, 0.0648, 0.06, 0.06, 0.00, 20732888
1053, 0.0669, 0.07, 0.07, 0.00, 21393560
1054, 0.0942, 0.09, 0.09, 0.00, 30130672
1055, 0.0521, 0.05, 0.05, 0.00, 16667632
1056, 0.0317, 0.03, 0.03, 0.00, 10147864
1057, 0.0627, 0.06, 0.06, 0.00, 20065024
1058, 0.0554, 0.06, 0.06, 0.00, 17742608
1059, 0.0365, 0.04, 0.04, 0.00, 11687056
1060, 0.0268, 0.03, 0.03, 0.00, 8583512
1061, 0.0569, 0.06, 0.06, 0.00, 18212176
1062, 0.0507, 0.05, 0.05, 0.00, 16222656
1063, 0.0930, 0.09, 0.09, 0.00, 29748120
1064, 0.0717, 0.07, 0.07, 0.00, 22933544
1065, 0.0256, 0.03, 0.03, 0.00, 8204272
1066, 0.0459, 0.05, 0.05, 0.00, 14697624
1067, 0.0977, 0.10, 0.10, 0.00, 31252736
1068, 0.0407, 0.04, 0.04, 0.00, 13033992
1069, 0.0768, 0.08, 0.08, 0.00, 24581448
1070, 0.0337, 0.03, 0.03, 0.00, 10776872
1071, 0.0324, 0.03, 0.03, 0.00, 10385992
1072, 0.0683, 0.07, 0.07, 0.00, 21851360
1073, 0.0468, 0.05, 0.05, 0.00, 14954616
1074, 0.0771, 0.08, 0.08, 0.00, 24686480
1075, 0.0654, 0.07, 0.07, 0.00, 20937760
1076, 0.0754, 0.08, 0.08, 0.00, 24126968
1077, 0.0793, 0.08, 0.08, 0.00, 25379544
1078, 0.0962, 0.10, 0.10, 0.00, 30772664
1079, 0.0542, 0.05, 0.05, 0.00, 17332816
1080, 0.0252, 0.03, 0.03, 0.00, 8064872
1081, 0.0420, 0.04, 0.04, 0.00, 13450008
1082, 0.0736, 0.07, 0.07, 0.00, 23532712
1083, 0.0591, 0.06, 0.06, 0.00, 18916632
1084, 0.0700, 0.07, 0.07, 0.00, 22409408
1085, 0.0979, 0.10, 0.10, 0.00, 31329976
1086, 0.0692, 0.07, 0.07, 0.00, 22129744
1087, 0.0875, 0.09, 0.09, 0.00, 28011632
1088, 0.0972, 0.10, 0.10, 0.00, 31106480
1089, 0.0936, 0.09, 0.09, 0.00, 29954968
1090, 0.0263, 0.03, 0.03, 0.00, 8404920
1091, 0.0751, 0.08, 0.08, 0.00, 24014832
1092, 0.0772, 0.08, 0.08, 0.00, 24715576
1093, 0.0580, 0.06, 0.06, 0.00, 18575984
1094, 0.0861, 0.09, 0.09, 0.00, 27528280
1095, 0.0764, 0.08, 0.08, 0.00, 24442200
1096, 0.0633, 0.06, 0.06, 0.00, 20235368
1097, 0.0736, 0.07, 0.07, 0.00, 23566352
1098, 0.0501, 0.05, 0.05, 0.00, 16015152
1099, 0.0272, 0.03, 0.03, 0.00, 8698400
1100, 0.0843, 0.08, 0.08, 0.00, 26980160
1101, 0.0940, 0.09, 0.09, 0.00, 30068752
1102, 0.0323, 0.03, 0.03, 0.00, 10333824
1103, 0.0657, 0.07, 0.07, 0.00, 21018968
1104, 0.0581, 0.06, 0.06, 0.00, 18608848
1105, 0.0993, 0.10, 0.10, 0.00, 31787392
1106, 0.0640, 0.06, 0.06, 0.00, 20478856
1107, 0.0537, 0.05, 0.05, 0.00, 17194464
1108, 0.0771, 0.08, 0.08, 0.00, 24654952
1109, 0.0855, 0.09, 0.09, 0.00, 27360056
1110, 0.0318, 0.03, 0.03, 0.00, 10181256
1111, 0.0596, 0.06, 0.06, 0.00, 19064160
1112, 0.0421, 0.04, 0.04, 0.00, 13466224
1113, 0.0870, 0.09, 0.09, 0.00, 27843776
1114, 0.0558, 0.06, 0.06, 0.00, 17847232
1115, 0.0654, 0.07, 0.07, 0.00, 20938832
1116, 0.0718, 0.07, 0.07, 0.00, 22959072
1117, 0.0915, 0.09, 0.09, 0.00, 29294352
1118, 0.0915, 0.09, 0.09, 0.00, 29287056
1119, 0.0910, 0.09, 0.09, 0.00, 29122560
1120, 0.0714, 0.07, 0.07, 0.00, 22851824
1121, 0.0496, 0.05, 0.05, 0.00, 15879272
1122, 0.0350, 0.03, 0.03, 0.00, 11203072
1123, 0.0553, 0.06, 0.06, 0.00, 17706192
1124, 0.0985, 0.10, 0.10, 0.00, 31533920
1125, 0.0658, 0.07, 0.07, 0.00, 21071536
1126, 0.0904, 0.09, 0.09, 0.00, 28922856
1127, 0.0716, 0.07, 0.07, 0.00, 22920624
1128, 0.0627, 0.06, 0.06, 0.00, 20065296
1129, 0.0534, 0.05, 0.05, 0.00, 17104544
1130, 0.0942, 0.09, 0.09, 0.00, 30136344
1131, 0.0656, 0.07, 0.07, 0.00, 21011104
1132, 0.0656, 0.07, 0.07, 0.00, 20993136
1133, 0.0341, 0.03, 0.03, 0.00, 10902064
1134, 0.0943, 0.09, 0.09, 0.00, 30159344
1135, 0.0761, 0.08, 0.08, 0.00, 24336728
1136, 0.0872, 0.09, 0.09, 0.00, 27917536
1137, 0.0465, 0.05, 0.05, 0.00, 14890856
1138, 0.0976, 0.10, 0.10, 0.00, 31238872
1139, 0.0282, 0.03, 0.03, 0.00, 9031432
1140, 0.0940, 0.09, 0.09, 0.00, 30074784
1141, 0.0337, 0.03, 0.03, 0.00, 10786360
1142, 0.0277, 0.03, 0.03, 0.00, 8864808
1143, 0.0330, 0.03, 0.03, 0.00, 10554304
1144, 0.0381, 0.04, 0.04, 0.00, 12194528
1145, 0.0487, 0.05, 0.05, 0.00, 15595704
1146, 0.0542, 0.05, 0.05, 0.00, 17339232
1147, 0.0435, 0.04, 0.04, 0.00, 13916832
1148, 0.0964, 0.10, 0.10, 0.00, 30851424
1149, 0.0672, 0.07, 0.07, 0.00, 21506792
1150, 0.0475, 0.05, 0.05, 0.00, 15200688
1151, 0.0930, 0.09, 0.09, 0.00, 29752496
1152, 0.0370, 0.04, 0.04, 0.00, 11851216
1153, 0.0685, 0.07, 0.07, 0.00, 21922560
1154, 0.0915, 0.09, 0.09, 0.00, 29271304
1155, 0.0698, 0.07, 0.07, 0.00, 22350480
1156, 0.0585, 0.06, 0.06, 0.00, 18713464
1157, 0.0428, 0.04, 0.04, 0.00, 13713040
1158, 0.0931, 0.09, 0.09, 0.00, 29789008
1159, 0.0686, 0.07, 0.07, 0.00, 21941288
1160, 0.0370, 0.04, 0.04, 0.00, 11845528
1161, 0.0359, 0.04, 0.04, 0.00, 11500880
1162, 0.0746, 0.07, 0.07, 0.00, 23866816
1163, 0.0502, 0.05, 0.05, 0.00, 16055136
1164, 0.0580, 0.06, 0.06, 0.00, 18566328
1165, 0.0719, 0.07, 0.07, 0.00, 23012664
1166, 0.0307, 0.03, 0.03, 0.00, 9835680
1167, 0.0521, 0.05, 0.05, 0.00, 16671336
1168, 0.0772, 0.08, 0.08, 0.00, 24715112
1169, 0.0933, 0.09, 0.09, 0.00, 29863848
1170, 0.0436, 0.04, 0.04, 0.00, 13937568
1171, 0.0909, 0.09, 0.09, 0.00, 29083816
1172, 0.0280, 0.03, 0.03, 0.00, 8950768
1173, 0.0576, 0.06, 0.06, 0.00, 18419728
1174, 0.0295, 0.03, 0.03, 0.00, 9438656
1175, 0.0638, 0.06, 0.06, 0.00, 20422688
1176, 0.0296, 0.03, 0.03, 0.00, 9465880
1177, 0.0606, 0.06, 0.06, 0.00, 19392024
1178, 0.0931, 0.09, 0.09, 0.00, 29785584
1179, 0.0388, 0.04, 0.04, 0.00, 12424696
1180, 0.0805, 0.08, 0.08, 0.00, 25757208
1181, 0.0576, 0.06, 0.06, 0.00, 18434248
1182, 0.0923, 0.09, 0.09, 0.00, 29553496
1183, 0.0391, 0.04, 0.04, 0.00, 12501240
1184, 0.0754, 0.08, 0.08, 0.00, 24141968
1185, 0.0787, 0.08, 0.08, 0.00, 25164984
1186, 0.0647, 0.06, 0.06, 0.00, 20694552
1187, 0.0642, 0.06, 0.06, 0.00, 20552152
1188, 0.0478, 0.05, 0.05, 0.00, 15306712
1189, 0.0490, 0.05, 0.05, 0.00, 15693560
1190, 0.0999, 0.10, 0.10, 0.00, 31951088
1191, 0.0252, 0.03, 0.03, 0.00, 8074384
1192, 0.0522, 0.05, 0.05, 0.00, 16692536
1193, 0.0698, 0.07, 0.07, 0.00, 22335264
1194, 0.0603, 0.06, 0.06, 0.00, 19295568
1195, 0.0737, 0.07, 0.07, 0.00, 23577880
1196, 0.0534, 0.05, 0.05, 0.00, 17077880
1197, 0.0254, 0.03, 0.03, 0.00, 8124544
1198, 0.0984, 0.10, 0.10, 0.00, 31508640
1199, 0.0978, 0.10, 0.10, 0.00, 31285320
1200, 0.0381, 0.04, 0.04, 0.00, 12191800
1201, 0.0748, 0.07, 0.07, 0.00, 23932784
1202, 0.0496, 0.05, 0.05, 0.00, 15871704
1203, 0.0470, 0.05, 0.05, 0.00, 15035464
1204, 0.0760, 0.08, 0.08, 0.00, 24328368
1205, 0.0400, 0.04, 0.04, 0.00, 12808736
1206, 0.0298, 0.03, 0.03, 0.00, 9516976
1207, 0.0944, 0.09, 0.09, 0.00, 30216848
1208, 0.0705, 0.07, 0.07, 0.00, 22573984
1209, 0.0482, 0.05, 0.05, 0.00, 15422024
1210, 0.0608, 0.06, 0.06, 0.00, 19463512
1211, 0.0553, 0.06, 0.06, 0.00, 17677232
1212, 0.0463, 0.05, 0.05, 0.00, 14815992
1213, 0.0725, 0.07, 0.07, 0.00, 23193488
1214, 0.0429, 0.04, 0.04, 0.00, 13721912
1215, 0.0918, 0.09, 0.09, 0.00, 29375664
1216, 0.0636, 0.06, 0.06, 0.00, 20348304
1217, 0.0574, 0.06, 0.06, 0.00, 18382552
1218, 0.0526, 0.05, 0.05, 0.00, 16830256
1219, 0.0946, 0.09, 0.09, 0.00, 30277248
1220, 0.0592, 0.06, 0.06, 0.00, 18956472
1221, 0.0694, 0.07, 0.07, 0.00, 22209936
1222, 0.0503, 0.05, 0.05, 0.00, 16099456
1223, 0.0574, 0.06, 0.06, 0.00, 18362832
1224, 0.0978, 0.10, 0.10, 0.00, 31291848
1225, 0.0695, 0.07, 0.07, 0.00, 22226720
1226, 0.0350, 0.03, 0.03, 0.00, 11202544
1227, 0.0516, 0.05, 0.05, 0.00, 16508144
1228, 0.0323, 0.03, 0.03, 0.00, 10323288
1229, 0.0743, 0.07, 0.07, 0.00, 23768472
1230, 0.0508, 0.05, 0.05, 0.00, 16241400
1231, 0.0739, 0.07, 0.07, 0.00, 23655408
1232, 0.0693, 0.07, 0.07, 0.00, 22184640
1233, 0.0867, 0.09, 0.09, 0.00, 27721240
1234, 0.0744, 0.07, 0.07, 0.00, 23820232
1235, 0.0552, 0.06, 0.06, 0.00, 17666400
1236, 0.0548, 0.05, 0.05, 0.00, 17534160
1237, 0.0278, 0.03, 0.03, 0.00, 8901560
1238, 0.1000, 0.10, 0.10, 0.00, 31982664
1239, 0.0988, 0.10, 0.10, 0.00, 31631152
1240, 0.0514, 0.05, 0.05, 0.00, 16445424
1241, 0.0586, 0.06, 0.06, 0.00, 18755424
1242, 0.0791, 0.08, 0.08, 0.00, 25313752
1243, 0.0953, 0.10, 0.10, 0.00, 30503240
1244, 0.0728, 0.07, 0.07, 0.00, 23301984
1245, 0.0754, 0.08, 0.08, 0.00, 24128984
1246, 0.0860, 0.09, 0.09, 0.00, 27513288
1247, 0.0450, 0.05, 0.05, 0.00, 14400720
1248, 0.0982, 0.10, 0.10, 0.00, 31429408
1249, 0.0673, 0.07, 0.07, 0.00, 21537544
1250, 0.0918, 0.09, 0.09, 0.00, 29355040
1251, 0.0968, 0.10, 0.10, 0.00, 30966384
1252, 0.0823, 0.08, 0.08, 0.00, 26349480
1253, 0.0335, 0.03, 0.03, 0.00, 10723656
1254, 0.0774, 0.08, 0.08, 0.00, 24757960
1255, 0.0454, 0.05, 0.05, 0.00, 14533504
1256, 0.0501, 0.05, 0.05, 0.00, 16051952
1257, 0.0311, 0.03, 0.03, 0.00, 9969384
1258, 0.0361, 0.04, 0.04, 0.00, 11544448
1259, 0.0824, 0.08, 0.08, 0.00, 26366488
1260, 0.0297, 0.03, 0.03, 0.00, 9503264
1261, 0.0267, 0.03, 0.03, 0.00, 8520528
1262, 0.0431, 0.04, 0.04, 0.00, 13805640
1263, 0.0353, 0.04, 0.04, 0.00, 11294032
1264, 0.0574, 0.06, 0.06, 0.00, 18374752
1265, 0.0445, 0.04, 0.04, 0.00, 14255088
1266, 0.0642, 0.06, 0.06, 0.00, 20527904
1267, 0.0903, 0.09, 0.09, 0.00, 28905976
1268, 0.0830, 0.08, 0.08, 0.00, 26554000
1269, 0.0385, 0.04, 0.04, 0.00, 12305840
1270, 0.0969, 0.10, 0.10, 0.00, 31009776
1271, 0.0575, 0.06, 0.06, 0.00, 18398688
1272, 0.0338, 0.03, 0.03, 0.00, 10815688
1273, 0.0494, 0.05, 0.05, 0.00, 15802824
1274, 0.0330, 0.03, 0.03, 0.00, 10568096
1275, 0.0688, 0.07, 0.07, 0.00, 22001696
1276, 0.0692, 0.07, 0.07, 0.00, 22152672
1277, 0.0952, 0.10, 0.10, 0.00, 30475232
1278, 0.0809, 0.08, 0.08, 0.00, 25889552
1279, 0.0956, 0.10, 0.10, 0.00, 30578752
1280, 0.0886, 0.09, 0.09, 0.00, 28355608
1281, 0.0289, 0.03, 0.03, 0.00, 9260192
1282, 0.0952, 0.10, 0.10, 0.00, 30459968
1283, 0.0697, 0.07, 0.07, 0.00, 22309064
1284, 0.0987, 0.10, 0.10, 0.00, 31602224
1285, 0.0919, 0.09, 0.09, 0.00, 29403216
1286, 0.0550, 0.05, 0.05, 0.00, 17595240
1287, 0.0836, 0.08, 0.08, 0.00, 26742344
1288, 0.0535, 0.05, 0.05, 0.00, 17128040
1289, 0.0409, 0.04, 0.04, 0.00, 13076808
1290, 0.0361, 0.04, 0.04, 0.00, 11547408
1291, 0.0824, 0.08, 0.08, 0.00, 26359864
1292, 0.0764, 0.08, 0.08, 0.00, 24438424
1293, 0.0392, 0.04, 0.04, 0.00, 12537496
1294, 0.0743, 0.07, 0.07, 0.00, 23762280
1295, 0.0924, 0.09, 0.09, 0.00, 29570224
1296, 0.0896, 0.09, 0.09, 0.00, 28689496
1297, 0.0257, 0.03, 0.03, 0.00, 8214344
1298, 0.0323, 0.03, 0.03, 0.00, 10334184
1299, 0.0318, 0.03, 0.03, 0.00, 10165584
1300, 0.0623, 0.06, 0.06, 0.00, 19946640
1301, 0.0714, 0.07, 0.07, 0.00, 22860384
1302, 0.0686, 0.07, 0.07, 0.00, 21945960
1303, 0.0537, 0.05, 0.05, 0.00, 17178560
1304, 0.0431, 0.04, 0.04, 0.00, 13797368
1305, 0.0322, 0.03, 0.03, 0.00, 10317504
1306, 0.0377, 0.04, 0.04, 0.00, 12056608
1307, 0.0989, 0.10, 0.10, 0.00, 31638392
1308, 0.0895, 0.09, 0.09, 0.00, 28629936
1309, 0.0922, 0.09, 0.09, 0.00, 29517944
1310, 0.0294, 0.03, 0.03, 0.00, 9404832
1311, 0.0453, 0.05, 0.05, 0.00, 14506720
1312, 0.0603, 0.06, 0.06, 0.00, 19294896
1313, 0.0605, 0.06, 0.06, 0.00, 19356560
1314, 0.0337, 0.03, 0.03, 0.00, 10780016
1315, 0.0610, 0.06, 0.06, 0.00, 19514088
1316, 0.0593, 0.06, 0.06, 0.00, 18969408
1317, 0.0631, 0.06, 0.06, 0.00, 20201368
1318, 0.0985, 0.10, 0.10, 0.00, 31519088
1319, 0.0976, 0.10, 0.10, 0.00, 31214216
1320, 0.0568, 0.06, 0.06, 0.00, 18168952
1321, 0.0325, 0.03, 0.03, 0.00, 10399000
1322, 0.0893, 0.09, 0.09, 0.00, 28570992
1323, 0.0280, 0.03, 0.03, 0.00, 8951608
1324, 0.0338, 0.03, 0.03, 0.00, 10815568
1325, 0.0613, 0.06, 0.06, 0.00, 19608952
1326, 0.0453, 0.05, 0.05, 0.00, 14510048
1327, 0.0594, 0.06, 0.06, 0.00, 18998216
1328, 0.0553, 0.06, 0.06, 0.00, 17691024
1329, 0.0426, 0.04, 0.04, 0.00, 13646304
1330, 0.0550, 0.05, 0.05, 0.00, 17595488
1331, 0.0294, 0.03, 0.03, 0.00, 9412880
1332, 0.0754, 0.08, 0.08, 0.00, 24113200
1333, 0.0343, 0.03, 0.03, 0.00, 10972264
1334, 0.0509, 0.05, 0.05, 0.00, 16273232
1335, 0.0893, 0.09, 0.09, 0.00, 28562120
1336, 0.0785, 0.08, 0.08, 0.00, 25130400
1337, 0.0550, 0.05, 0.05, 0.00, 17592016
1338, 0.0729, 0.07, 0.07, 0.00, 23340480
1339, 0.0536, 0.05, 0.05, 0.00, 17153528
1340, 0.0549, 0.05, 0.05, 0.00, 17579864
1341, 0.0267, 0.03, 0.03, 0.00, 8527360
1342, 0.0574, 0.06, 0.06, 0.00, 18362240
1343, 0.0531, 0.05, 0.05, 0.00, 16994064
1344, 0.0711, 0.07, 0.07, 0.00, 22748664
1345, 0.0746, 0.07, 0.07, 0.00, 23878568
1346, 0.0303, 0.03, 0.03, 0.00, 9681008
1347, 0.0719, 0.07, 0.07, 0.00, 23008592
1348, 0.0867, 0.09, 0.09, 0.00, 27737760
1349, 0.0935, 0.09, 0.09, 0.00, 29935784
1350, 0.0740, 0.07, 0.07, 0.00, 23682104
1351, 0.0754, 0.08, 0.08, 0.00, 24123056
1352, 0.0795, 0.08, 0.08, 0.00, 25432216
1353, 0.0493, 0.05, 0.05, 0.00, 15777984
1354, 0.0653, 0.07, 0.07, 0.00, 20886152
1355, 0.0487, 0.05, 0.05, 0.00, 15589272
1356, 0.0333, 0.03, 0.03, 0.00, 10651448
1357, 0.0875, 0.09, 0.09, 0.00, 27999576
1358, 0.0554, 0.06, 0.06, 0.00, 17720848
1359, 0.0832, 0.08, 0.08, 0.00, 26619272
1360, 0.0554, 0.06, 0.06, 0.00, 17728960
1361, 0.0461, 0.05, 0.05, 0.00, 14747664
1362, 0.0491, 0.05, 0.05, 0.00, 15705024
1363, 0.0786, 0.08, 0.08, 0.00, 25134248
1364, 0.0272, 0.03, 0.03, 0.00, 8718800
1365, 0.0671, 0.07, 0.07, 0.00, 21477848
1366, 0.0803, 0.08, 0.08, 0.00, 25694096
1367, 0.0549, 0.05, 0.05, 0.00, 17591840
1368, 0.0333, 0.03, 0.03, 0.00, 10634824
1369, 0.0648, 0.06, 0.06, 0.00, 20740640
1370, 0.0705, 0.07, 0.07, 0.00, 22551392
1371, 0.0314, 0.03, 0.03, 0.00, 10045592
1372, 0.0777, 0.08, 0.08, 0.00, 24877216
1373, 0.0749, 0.07, 0.07, 0.00, 23976264
1374, 0.0726, 0.07, 0.07, 0.00, 23234864
1375, 0.0272, 0.03, 0.03, 0.00, 8711232
1376, 0.0969, 0.10, 0.10, 0.00, 31019408
1377, 0.0917, 0.09, 0.09, 0.00, 29342888
1378, 0.0327, 0.03, 0.03, 0.00, 10479152
1379, 0.0761, 0.08, 0.08, 0.00, 24370848
1380, 0.0901, 0.09, 0.09, 0.00, 28812008
1381, 0.0918, 0.09, 0.09, 0.00, 29391544
1382, 0.0272, 0.03, 0.03, 0.00, 8700560
1383, 0.0251, 0.03, 0.03, 0.00, 8028976
1384, 0.0651, 0.07, 0.07, 0.00, 20838000
1385, 0.0953, 0.10, 0.10, 0.00, 30493248
1386, 0.0553, 0.06, 0.06, 0.00, 17701840
1387, 0.0969, 0.10, 0.10, 0.00, 30999376
1388, 0.0643, 0.06, 0.06, 0.00, 20580408
1389, 0.0847, 0.08, 0.08, 0.00, 27111664
1390, 0.0524, 0.05, 0.05, 0.00, 16762392
1391, 0.0994, 0.10, 0.10, 0.00, 31809768
1392, 0.0393, 0.04, 0.04, 0.00, 12573600
1393, 0.0517, 0.05, 0.05, 0.00, 16525400
1394, 0.0264, 0.03, 0.03, 0.00, 8458944
1395, 0.0886, 0.09, 0.09, 0.00, 28360160
1396, 0.0638, 0.06, 0.06, 0.00, 20435592
1397, 0.0828, 0.08, 0.08, 0.00, 26496184
1398, 0.0882, 0.09, 0.09, 0.00, 28226640
1399, 0.0790, 0.08, 0.08, 0.00, 25292656
1400, 0.0530, 0.05, 0.05, 0.00, 16957176
1401, 0.0725, 0.07, 0.07, 0.00, 23201952
1402, 0.0417, 0.04, 0.04, 0.00, 13348728
1403, 0.0481, 0.05, 0.05, 0.00, 15377024
1404, 0.0310, 0.03, 0.03, 0.00, 9932768
1405, 0.0653, 0.07, 0.07, 0.00, 20894696
1406, 0.0314, 0.03, 0.03, 0.00, 10047456
1407, 0.0456, 0.05, 0.05, 0.00, 14589800
1408, 0.0416, 0.04, 0.04, 0.00, 13313512
1409, 0.0257, 0.03, 0.03, 0.00, 8208552
1410, 0.0325, 0.03, 0.03, 0.00, 10400336
1411, 0.0269, 0.03, 0.03, 0.00, 8598672
1412, 0.0449, 0.04, 0.04, 0.00, 14360952
1413, 0.0358, 0.04, 0.04, 0.00, 11462864
1414, 0.0299, 0.03, 0.03, 0.00, 9587584
1415, 0.0636, 0.06, 0.06, 0.00, 20330232
1416, 0.0299, 0.03, 0.03, 0.00, 9574512
1417, 0.0417, 0.04, 0.04, 0.00, 13343784
1418, 0.0892, 0.09, 0.09, 0.00, 28550624
1419, 0.0527, 0.05, 0.05, 0.00, 16867752
1420, 0.0371, 0.04, 0.04, 0.00, 11890880
1421, 0.0291, 0.03, 0.03, 0.00, 9322568
1422, 0.0670, 0.07, 0.07, 0.00, 21432376
1423, 0.0933, 0.09, 0.09, 0.00, 29868728
1424, 0.0830, 0.08, 0.08, 0.00, 26562928
1425, 0.0914, 0.09, 0.09, 0.00, 29238840
1426, 0.0592, 0.06, 0.06, 0.00, 18953824
1427, 0.0923, 0.09, 0.09, 0.00, 29534648
1428, 0.0365, 0.04, 0.04, 0.00, 11680848
1429, 0.0499, 0.05, 0.05, 0.00, 15972576
1430, 0.0399, 0.04, 0.04, 0.00, 12790304
1431, 0.0785, 0.08, 0.08, 0.00, 25110240
1432, 0.0575, 0.06, 0.06, 0.00, 18391616
1433, 0.0570, 0.06, 0.06, 0.00, 18246640
1434, 0.0646, 0.06, 0.06, 0.00, 20677616
1435, 0.0476, 0.05, 0.05, 0.00, 15240616
1436, 0.0512, 0.05, 0.05, 0.00, 16386560
1437, 0.0303, 0.03, 0.03, 0.00, 9689856
1438, 0.0836, 0.08, 0.08, 0.00, 26755504
1439, 0.0566, 0.06, 0.06, 0.00, 18124264
1440, 0.0813, 0.08, 0.08, 0.00, 26024512
1441, 0.0541, 0.05, 0.05, 0.00, 17319664
1442, 0.0945, 0.09, 0.09, 0.00, 30253080
1443, 0.0370, 0.04, 0.04, 0.00, 11849440
1444, 0.0272, 0.03, 0.03, 0.00, 8694856
1445, 0.0513, 0.05, 0.05, 0.00, 16404968
1446, 0.0922, 0.09, 0.09, 0.00, 29496584
1447, 0.0321, 0.03, 0.03, 0.00, 10294872
1448, 0.0544, 0.05, 0.05, 0.00, 17421648
1449, 0.0903, 0.09, 0.09, 0.00, 28906456
1450, 0.0909, 0.09, 0.09, 0.00, 29080936
1451, 0.0751, 0.08, 0.08, 0.00, 24022232
1452, 0.0768, 0.08, 0.08, 0.00, 24578832
1453, 0.0395, 0.04, 0.04, 0.00, 12625224
1454, 0.0990, 0.10, 0.10, 0.00, 31696368
1455, 0.0938, 0.09, 0.09, 0.00, 30034200
1456, 0.0820, 0.08, 0.08, 0.00, 26222776
1457, 0.0685, 0.07, 0.07, 0.00, 21912336
1458, 0.0523, 0.05, 0.05, 0.00, 16749064
1459, 0.0592, 0.06, 0.06, 0.00, 18941560
1460, 0.0626, 0.06, 0.06, 0.00, 20025512
1461, 0.0732, 0.07, 0.07, 0.00, 23416440
1462, 0.0532, 0.05, 0.05, 0.00, 17033336
1463, 0.0440, 0.04, 0.04, 0.00, 14096600
1464, 0.0524, 0.05, 0.05, 0.00, 16757880
1465, 0.0663, 0.07, 0.07, 0.00, 21225896
1466, 0.0446, 0.04, 0.04, 0.00, 14261704
1467, 0.0349, 0.03, 0.03, 0.00, 11165672
1468, 0.0622, 0.06, 0.06, 0.00, 19903280
1469, 0.0400, 0.04, 0.04, 0.00, 12812384
1470, 0.0762, 0.08, 0.08, 0.00, 24361752
1471, 0.0635, 0.06, 0.06, 0.00, 20337304
1472, 0.0458, 0.05, 0.05, 0.00, 14656160
1473, 0.0323, 0.03, 0.03, 0.00, 10339840
1474, 0.0643, 0.06, 0.06, 0.00, 20585112
1475, 0.0889, 0.09, 0.09, 0.00, 28444488
1476, 0.0338, 0.03, 0.03, 0.00, 10817120
1477, 0.0547, 0.05, 0.05, 0.00, 17493048
1478, 0.0370, 0.04, 0.04, 0.00, 11836280
1479, 0.0425, 0.04, 0.04, 0.00, 13593864
1480, 0.0285, 0.03, 0.03, 0.00, 9123352
1481, 0.0689, 0.07, 0.07, 0.00, 22050368
1482, 0.0978, 0.10, 0.10, 0.00, 31297552
1483, 0.0810, 0.08, 0.08, 0.00, 25924072
1484, 0.0253, 0.03, 0.03, 0.00, 8092648
1485, 0.0707, 0.07, 0.07, 0.00, 22615720
1486, 0.0384, 0.04, 0.04, 0.00, 12285912
1487, 0.0684, 0.07, 0.07, 0.00, 21896264
1488, 0.0710, 0.07, 0.07, 0.00, 22708800
1489, 0.0377, 0.04, 0.04, 0.00, 12082384
1490, 0.0311, 0.03, 0.03, 0.00, 9952864
1491, 0.0765, 0.08, 0.08, 0.00, 24472688
1492, 0.0911, 0.09, 0.09, 0.00, 29165512
1493, 0.0983, 0.10, 0.10, 0.00, 31443240
1494, 0.0789, 0.08, 0.08, 0.00, 25270880
1495, 0.0706, 0.07, 0.07, 0.00, 22606232
1496, 0.0975, 0.10, 0.10, 0.00, 31193352
1497, 0.0496, 0.05, 0.05, 0.00, 15881088
1498, 0.0631, 0.06, 0.06, 0.00, 20183248
1499, 0.0852, 0.09, 0.09, 0.00, 27264608
1500, 0.0475, 0.05, 0.05, 0.00, 15209688
1501, 0.0877, 0.09, 0.09, 0.00, 28072736
1502, 0.0662, 0.07, 0.07, 0.00, 21188008
1503, 0.0562, 0.06, 0.06, 0.00, 17966712
1504, 0.0948, 0.09, 0.09, 0.00, 30339648
1505, 0.0561, 0.06, 0.06, 0.00, 17974592
1506, 0.0641, 0.06, 0.06, 0.00, 20498272
1507, 0.0952, 0.10, 0.10, 0.00, 30478808
1508, 0.0451, 0.05, 0.05, 0.00, 14412968
1509, 0.0792, 0.08, 0.08, 0.00, 25332416
1510, 0.0908, 0.09, 0.09, 0.00, 29057568
1511, 0.0275, 0.03, 0.03, 0.00, 8789632
1512, 0.0529, 0.05, 0.05, 0.00, 16926048
1513, 0.0569, 0.06, 0.06, 0.00, 18222696
1514, 0.0251, 0.03, 0.03, 0.00, 8033200
1515, 0.0320, 0.03, 0.03, 0.00, 10253464
1516, 0.0436, 0.04, 0.04, 0.00, 13944440
1517, 0.0984, 0.10, 0.10, 0.00, 31485136
1518, 0.0489, 0.05, 0.05, 0.00, 15637600
1519, 0.0681, 0.07, 0.07, 0.00, 21805096
